1 1 Car -1 -1 -10 224.03264098600422 163.82314995326766 490.8835337194993 280.4804800110529 4.405040740966797 1.672806978225708 1.8577919006347656 -4.646278 1.7143316 13.37908 -2.1397066275265555 
2 1 Car -1 -1 -10 234.36951595449747 160.28390248482867 485.8898044911418 276.4013647124743 4.177750059615371 1.6702543584508158 1.8812174975767058 -4.6599965 1.6779274 13.523905 -2.1459443581648396 
3 1 Car -1 -1 -10 226.9179221472084 153.8575260450639 482.97646563687834 268.15954040461713 4.282766105734628 1.6975125607203976 1.864081975972565 -4.7968554 1.5546379 13.701663 -2.1926283208723047 
4 1 Car -1 -1 -10 228.7036314053021 156.11307448434326 482.07151511313 269.79412991917303 4.3249044386112905 1.6952589752013258 1.8926312901600186 -4.8756557 1.614276 13.914458 -2.1586655563245896 
5 1 Car -1 -1 -10 225.8902570129515 157.72867165451603 487.0081477721988 267.53285041094915 4.587870597613236 1.7241140603770682 1.8681087494108188 -4.962803 1.611138 14.247638 -2.1484390656228194 
13 2 Car -1 -1 -10 425.7801903975509 170.76268109171957 514.9785207662743 208.57776121662056 4.372560024261475 1.6633967161178589 1.9237123727798462 -7.414871 1.8176814 38.16576 -4.400334195294652 
13 3 Car -1 -1 -10 386.65707582575243 182.59379664192318 463.40915028622976 211.20212872024987 3.765817165374756 1.6596735715866089 1.4472218751907349 -9.792628 1.9785339 38.27432 -1.6950345719840865 
13 4 Car -1 -1 -10 370.43930674018605 181.96230660137158 459.66005146272056 211.46933767257244 4.472219944000244 1.7944446802139282 1.473366379737854 -10.343197 1.9754221 38.321198 -1.8191486905005316 
13 5 Car -1 -1 -10 380.3490237236331 183.13409428079072 462.11539269531534 211.98941771251629 4.116748332977295 1.707592248916626 1.445250391960144 -10.023343 2.0106947 38.360603 -1.7998525063183646 
14 6 Car -1 -1 -10 135.6553329084155 183.95932820516072 229.47178150358485 216.69176133313954 3.596191167831421 1.7533804178237915 1.5441508293151855 -21.152536 2.110554 35.752014 1.4879595478388925 
17 7 Car -1 -1 -10 233.90354956385914 164.97645434694326 442.2632212092668 260.5697241838569 3.9797451496124268 1.6806824207305908 1.8540074825286865 -5.9498105 1.7015823 15.837071 -2.195813731351171 
17 8 Car -1 -1 -10 397.5267458920281 181.07911381930808 482.8326120494232 211.8900059492805 3.944685220718384 1.6160825490951538 1.4613726139068604 -8.720354 1.9046607 37.024483 0.9287206371638437 
17 9 Car -1 -1 -10 403.8088060587729 182.51559564263312 487.0346487274683 212.78962687959307 3.941541910171509 1.624576210975647 1.4550482034683228 -8.522928 1.9745872 37.21846 1.1463708122584482 
18 10 Car -1 -1 -10 171.08506115044437 190.77310567945287 266.73294747752595 221.25458775431449 3.8763861656188965 1.6524180173873901 1.443881630897522 -19.51262 2.3603072 36.031246 -1.5845330814507346 
18 11 Car -1 -1 -10 460.1319641067624 174.62087261509217 552.8416057839497 212.84532212744065 4.387125036160712 1.6764954650185198 1.8820151331955834 -5.3105235 1.9759057 36.91702 -4.5028347531410065 
18 7 Car -1 -1 -10 233.31766021965706 172.86652809795166 449.44414845257324 265.330802584309 4.268621180333298 1.7496929331563964 1.824223210202712 -5.9853487 1.8248923 16.077868 -2.108801230662337 
19 7 Car -1 -1 -10 240.89072151318072 176.99908499156965 442.84945408809546 268.98298363012054 3.931339826397214 1.6752769995987649 1.7991486013870144 -5.9649477 1.9021584 16.068995 -2.1670827052577915 
20 12 Car -1 -1 -10 483.8842537299886 185.08332944365378 569.3211845889424 222.5433105405742 4.047931671142578 1.54598867893219 1.73607337474823 -4.2173724 2.3744733 36.05694 -4.256454781689916 
20 7 Car -1 -1 -10 238.74718639794727 178.80822082632383 442.10894145622643 273.8988730378235 3.982421874446396 1.6805012225537903 1.8579038375208787 -6.0166764 2.0060835 16.115051 -2.151885644758214 
21 12 Car -1 -1 -10 484.96839271641096 183.72172670320964 575.5534025499603 222.91962793058659 4.187845345604054 1.680287171794153 1.854454000784165 -4.000074 2.4170349 36.07539 -4.507085188992931 
21 7 Car -1 -1 -10 236.85926755562025 180.95631915159956 441.4534955293366 270.6813542999657 4.060921669000803 1.7254023551909539 1.7607343196936818 -6.1188965 1.964577 16.301414 -2.136636094252025 
22 12 Car -1 -1 -10 501.1144967194774 183.13640882037816 587.30295530021 221.22190778775106 4.043346536680823 1.6224967767811223 1.7507675638739735 -3.316112 2.2850082 35.769943 -4.205290906414405 
22 7 Car -1 -1 -10 251.1014342704893 179.308706784495 446.3978005150845 267.6335398987675 3.924621820450093 1.6942281723022565 1.767563581466733 -5.96214 1.930639 16.43935 -2.1203008453038152 
23 7 Car -1 -1 -10 233.8153472830019 172.56709276166902 457.3073358984406 263.11218191150607 4.682417392730831 1.766151666641175 1.8746241331101647 -6.1676545 1.8690419 16.845837 -2.0785734812405448 
24 12 Car -1 -1 -10 514.5085619290994 177.0553159915201 609.3608279982125 217.65843671760624 4.3748435945797945 1.6537600753020216 1.8566278210178275 -2.3930414 2.0713863 35.08403 -4.238107041236201 
24 7 Car -1 -1 -10 242.43781109464697 170.1129844785509 454.0296013953678 262.8533064030932 4.428603172302168 1.7278903722762526 1.9343513250351236 -6.1291995 1.8775378 16.897322 -2.091096476712499 
25 7 Car -1 -1 -10 243.12812293963643 172.69452040458685 459.84597495864165 261.5488496386494 4.625819683075086 1.7688620090484761 1.8744935989379685 -6.1259975 1.871487 17.085016 -2.0590379099037985 
26 13 Car -1 -1 -10 121.50213175005624 189.8504767742133 235.45983864583135 229.12516597470116 3.5412416458129883 1.6238540410995483 1.471388816833496 -17.105755 2.1669035 28.643002 -1.601091913008366 
26 14 Car -1 -1 -10 114.26100792264552 190.61902262893298 230.4742345073589 230.06726248149303 3.6155011653900146 1.5854637622833252 1.458490014076233 -17.34011 2.190091 28.654976 -1.7137455652144293 
26 7 Car -1 -1 -10 266.04914204035833 170.71332573639472 451.54090673055623 255.7447129640137 3.9314570426943467 1.6780319213867587 1.8165326118468454 -5.972939 1.771159 17.08359 -2.0657767514374594 
27 7 Car -1 -1 -10 272.24505121066693 166.60769076871128 450.58727163841286 251.0728293665215 3.734879970550704 1.655226707458539 1.8067818880080442 -5.9115067 1.6735258 17.103632 -2.1125812689450125 
28 15 Car -1 -1 -10 261.5669108161643 167.71795160013613 445.7001973234064 250.64385108345007 3.8422865867614746 1.669589638710022 1.7737690210342407 -6.1115327 1.6642678 17.194944 -2.162231938042913 
28 7 Car -1 -1 -10 279.5601377395383 167.49173315893387 450.21856337420616 249.97130804727658 3.677742004394597 1.69064521789547 1.7894884347915319 -5.892728 1.6735058 17.211067 -2.0194122354176383 
29 15 Car -1 -1 -10 282.10181875085283 172.2920004271277 451.77808482621884 250.57002245015624 3.5623423202141766 1.6648322798456643 1.692622609388648 -5.8314342 1.6808282 17.237661 -2.1187599606602276 
29 7 Car -1 -1 -10 290.8107796607176 171.31349691791627 464.49474749797884 249.161312695197 3.8307814598082146 1.6820657253265285 1.7377779483794735 -5.6259265 1.7037475 17.509605 -1.8938795189049582 
30 16 Car -1 -1 -10 296.7026009296369 169.94121165267396 485.4796895425661 247.93148466763176 4.275425910949707 1.7224552631378174 1.8244538307189941 -5.362601 1.7566718 17.993225 -1.6936914483692984 
30 15 Car -1 -1 -10 288.9550332787712 172.9257280171592 452.9215165132362 250.5857370442797 3.6250363128549385 1.621478955892351 1.7285177781028833 -5.8646197 1.7307707 17.560223 -2.0069648230848847 
30 7 Car -1 -1 -10 298.6916161249247 169.43313476062565 471.1021955598048 248.73316456235835 3.8806147575378134 1.657886743545487 1.8135956525802612 -5.5005736 1.7357181 17.789953 -1.8255108455803732 
31 17 Car -1 -1 -10 25.21525286630519 189.84410989570284 130.2179598763724 234.18431583579485 3.614356756210327 1.5847886800765991 1.5711027383804321 -21.148434 2.292378 28.78781 -3.1652814904835562 
31 7 Car -1 -1 -10 289.5440186328914 169.6048108157039 486.3699499048848 247.32400359855805 4.498755931854266 1.7115651369094378 1.7785501480102779 -5.533908 1.7045525 18.049362 -1.9017222682621817 
32 7 Car -1 -1 -10 303.2428891720161 165.32511978008816 496.78231302012773 247.21487840765477 4.5547657012937295 1.7165337800979925 1.9369531869887622 -5.34413 1.7592291 18.50519 -1.8441841761257987 
33 7 Car -1 -1 -10 313.0889260382343 166.75941948895982 506.1641316138859 246.3770045388887 4.578946113586483 1.6684436798094875 1.9044162034988887 -5.0720277 1.7589945 18.526657 -1.7698870311167578 
34 7 Car -1 -1 -10 318.92226378228816 167.08357467473746 516.123512589331 243.6748612951442 4.761183738708438 1.7567205429076058 1.8645193576813743 -4.9006963 1.7244034 18.76486 -1.7111133793976645 
35 7 Car -1 -1 -10 325.27791708267057 163.14711933347087 521.3995197594116 243.47688573932692 4.730557918548481 1.8721263408660884 1.9953259229660414 -4.8171377 1.7545727 18.997719 -1.6315971548345427 
36 7 Car -1 -1 -10 336.5093292464773 160.8380504040124 533.3137616147876 237.0718102122061 4.826115131378439 1.853590846061716 1.890585780143647 -4.5115695 1.5929499 19.031439 -1.6608959893372397 
37 7 Car -1 -1 -10 352.3695969788071 161.79986283717187 545.6668974888588 237.8529126396774 4.6664566993711105 1.8768630027771993 1.9020529985428662 -4.165006 1.6259518 19.00063 -1.5623790771376829 
38 7 Car -1 -1 -10 374.1402248460488 167.0230684636172 555.4247319232531 240.81588243270804 4.449817657470909 1.7134673595428502 1.8657296895980795 -3.8026862 1.718662 19.152195 -1.5458118385311703 
39 18 Car -1 -1 -10 661.1515145757761 163.19323505612272 767.5715778963727 212.28319183189566 4.031247615814209 1.5862483978271484 1.9022048711776733 4.2242107 1.5282141 29.671665 -4.173368529477392 
39 19 Car -1 -1 -10 78.62858064695372 188.411309881519 205.29893525183076 234.78427582459466 4.316768169403076 1.7577786445617676 1.5602476596832275 -18.053701 2.2137733 28.038038 -3.0139461318638663 
40 7 Car -1 -1 -10 405.16213884057845 165.9195892073872 585.7720463376392 237.97593455361115 4.481699466705287 1.7407935857771828 1.820140957832334 -3.0507748 1.6453358 19.370802 -1.4436458508160452 
41 20 Car -1 -1 -10 0.0 197.16099522716974 51.21570453323989 242.2467083413057 4.9380784034729 1.857918381690979 1.472707986831665 -25.795927 2.535442 28.945002 -2.587129429974828 
41 7 Car -1 -1 -10 413.57985628078774 163.57479019305063 599.9297609045472 239.93037824831202 4.656876564025706 1.7909152507782313 1.9299899339676048 -2.7412357 1.6958033 19.386248 -1.45831194619206 
42 21 Car -1 -1 -10 425.4998713551062 184.29045567320054 517.5074655679522 220.8231928987776 3.8109415649185725 1.4891607456410885 1.5662976919844045 -6.169674 2.0887117 32.171974 -4.703047641772792 
43 7 Car -1 -1 -10 452.8272486733888 169.25920465553634 639.5321913315328 242.77446475872443 4.754522323608367 1.758285641670298 1.863270759582539 -1.7334849 1.7725172 19.620718 -1.36990383366612 
44 22 Car -1 -1 -10 730.5996427951313 167.65659562479695 856.6489330195977 220.724988430151 4.277114817456326 1.6882532513123962 1.8569576675828923 6.8227434 1.675449 27.15604 -4.107178816619891 
44 7 Car -1 -1 -10 469.29059384628636 169.03529157319517 648.3150146680376 242.84282224778735 4.501215457916263 1.7590941190720077 1.8524241447448706 -1.3626474 1.7569399 19.36089 -1.3974956134941916 
45 7 Car -1 -1 -10 494.2907403827068 166.32558522363777 665.3303797234081 243.29694123884428 4.215109825134309 1.6838992834090796 1.891202449798623 -0.8261091 1.7311558 19.14238 -1.276663945117269 
46 22 Car -1 -1 -10 764.1022984941006 163.34725716321284 901.6522528377594 223.8578261739915 4.4270892137389914 1.7166923283420372 1.9799360032045183 7.8304358 1.6692284 25.804249 -3.8992257881328505 
47 23 Car -1 -1 -10 424.3735995076245 184.23448633132494 527.2432523468107 222.3513315928037 4.010622978210449 1.6356887817382812 1.5294095277786255 -5.610346 2.0199046 30.254704 1.5707694729182382 
47 7 Car -1 -1 -10 527.2571486958396 163.43147641242876 714.2727287758345 240.10098959937935 4.713344097137313 1.8073216676712272 1.8970910310746338 0.26323685 1.6643003 19.410744 -1.2706962982800345 
48 24 Car -1 -1 -10 408.9903016175821 185.38781277443266 508.66112217648896 225.18974503826774 4.107107480602407 1.5907574772014 1.4391866624846976 -6.155312 1.9914266 29.60758 0.565532016934184 
48 23 Car -1 -1 -10 419.1843934233036 185.38300011120958 506.5094266741395 225.7492829154563 3.854460109903559 1.5886673860068377 1.455586998583905 -5.9483643 2.0025923 29.39392 0.3988992459742624 
48 22 Car -1 -1 -10 806.0190145300254 162.48503305220703 937.3136838407058 221.42758946584487 3.928123712579615 1.5924291610817787 1.8390972614401597 8.760654 1.5159276 24.528917 -3.8362806598382857 
48 7 Car -1 -1 -10 551.7509426525373 162.34807469775814 739.5128208295152 240.6778516506789 4.694743633270576 1.8533426523209329 1.9183840751647476 0.90955335 1.66144 19.394257 -1.1937985877182822 
49 22 Car -1 -1 -10 822.0115730254532 160.22848484119274 962.9722327874601 221.92011003747936 4.100291728972809 1.6148043870925202 1.8616719245909659 9.197866 1.4810288 23.888985 -3.7963584224371183 
49 7 Car -1 -1 -10 576.4692712223806 161.8869662176775 759.4365244861265 240.90588636108487 4.573220729827671 1.7431237697600606 1.9323836565018953 1.4930592 1.664546 19.345982 -1.1648175875332694 
50 24 Car -1 -1 -10 433.8330759249818 183.38000076178065 534.8450743734442 223.5008622283272 3.8694904501213 1.5587038305509766 1.426054904795649 -4.9669595 1.8737185 28.67261 0.6925679950751107 
50 23 Car -1 -1 -10 427.9172305911012 182.52046262831806 524.0178503610174 224.4920956377556 3.922223406907351 1.601511879541163 1.4752467903833906 -5.2357516 1.8847334 28.431807 0.5029843859771965 
51 25 Car -1 -1 -10 854.6978124071662 163.0953945584771 999.2842863176882 224.24258574109194 3.833348645246648 1.64607177090956 1.7484036401654797 9.803595 1.4697301 22.647415 -3.8012144464673487 
51 7 Car -1 -1 -10 623.0595592908186 162.99382737804385 805.4311032938843 240.33084634530678 4.506133556366238 1.7810834646224547 1.880197286605727 2.7215035 1.6408372 19.315208 -1.124306903281484 
52 25 Car -1 -1 -10 871.8589395439774 155.77251996172288 1027.5898386698511 224.48847561164442 3.953447770741045 1.6548479760368942 1.8993516556930499 10.192711 1.4275668 21.939077 -3.9077856869590475 
52 7 Car -1 -1 -10 639.9571607874033 162.8714733266052 825.724705724133 240.97937915949328 4.487486839294377 1.755950331687966 1.8534878492355227 3.1415963 1.616962 18.971031 -1.06717045704392 
53 24 Car -1 -1 -10 494.574388290594 178.74260490608097 601.0420409411719 220.36711202534838 4.01975868842813 1.643447272657272 1.5585563069116202 -2.4023879 1.7951156 28.095943 1.560006706975412 
53 23 Car -1 -1 -10 471.93361511758326 180.9442846547479 570.5296668068595 223.42566563036877 3.785643113605627 1.572863343076728 1.47267425084507 -3.3865197 1.8064522 27.74975 0.6480078698923748 
53 7 Car -1 -1 -10 656.8691411222311 159.5467493450341 854.3636780040233 242.3332851625419 4.7658309936521945 1.832608103752158 1.9539573192596624 3.734791 1.6402327 19.012789 -1.0468586842205863 
54 25 Car -1 -1 -10 918.051745786847 154.63455915202584 1090.5943153568674 226.94155607598287 4.047224521353479 1.6339247227348082 1.8560203315135617 11.095502 1.3887104 20.662472 -3.7120748327114708 
54 22 Car -1 -1 -10 930.6435787069113 156.04803260108906 1101.2162296718952 228.071034966902 3.9710352420806885 1.5433859825135061 1.8312430381775586 11.300638 1.4042956 20.444191 -3.6773429671910147 
54 7 Car -1 -1 -10 679.4149713873983 159.12985363720904 882.8481164546816 239.48106576079178 4.867730140685868 1.8641434907912922 1.8823031187057135 4.383708 1.5611598 18.988466 -1.0069763223317008 
55 7 Car -1 -1 -10 709.2051366112624 159.6117646190048 901.9853454746068 242.17148607862364 4.521334648132385 1.7360017299651636 1.921455979347172 4.9681134 1.6136203 18.75839 -0.98834885756043 
56 25 Car -1 -1 -10 959.569602379236 155.29123289874522 1144.7298703729214 228.11371254085495 3.9643118381554934 1.5965089797997531 1.748987436301349 11.698989 1.3275379 19.437689 -3.6796639720606286 
56 23 Car -1 -1 -10 491.78441996440006 178.51580051315221 600.7585833285106 223.33774026968973 4.026752948759925 1.6111242771103529 1.482322096818897 -2.30152 1.7063937 26.443998 0.6934863493409935 
57 26 Car -1 -1 -10 909.1823066206306 176.7079879288985 1020.0338512455291 217.50054954446793 3.7179198265075684 1.7064602375030518 1.484192132949829 13.850123 1.6450758 28.314194 -4.128677205243383 
57 25 Car -1 -1 -10 977.8529865569858 155.2189694733494 1176.7089017515207 233.08737477775975 4.0403099060057235 1.645914077758747 1.7997524738311217 11.967639 1.3925164 18.827066 -3.689561204114206 
57 23 Car -1 -1 -10 495.1743039820303 179.96568353994425 607.030289471467 224.12526864859083 4.114787101745493 1.6066061258316433 1.4276785850527058 -2.0916617 1.7058647 26.091969 0.6969946185850722 
57 7 Car -1 -1 -10 752.156492039185 156.864514611614 952.1451174367585 244.46338464675898 4.534598827362044 1.6890578269958352 1.9825365543364772 6.0245204 1.6210206 18.415863 -0.8855526010182242 
58 25 Car -1 -1 -10 987.6417426079704 154.25503341451218 1202.4472463768245 235.22297225794378 4.219182968139661 1.7174550294876463 1.8122569322586028 12.116832 1.3963252 18.40202 -3.6693249503758296 
58 7 Car -1 -1 -10 773.161230670048 157.02511708210756 979.4688884722052 242.916475552627 4.604811191559051 1.7522956132889367 1.927981734275745 6.60973 1.5730326 18.3686 -0.8522623340275626 
59 27 Car -1 -1 -10 641.0325348158356 180.2031023798914 712.0621955102538 203.60872641807012 4.674345970153809 1.758628249168396 1.5186835527420044 4.431183 2.0245733 48.55902 -4.628714160123144 
59 25 Car -1 -1 -10 1011.3357989413263 155.2490491499204 1241.0 233.929865081778 4.486276626586707 1.6679348945617531 1.694816946983333 12.601083 1.315957 17.900097 -3.6626003543522696 
59 7 Car -1 -1 -10 801.2662886136333 158.34566419511793 1005.6928566368604 241.2529821913666 4.486163139343351 1.7422512769699359 1.8545472621918875 7.273969 1.5303693 18.334146 -0.7907312671330313 
60 7 Car -1 -1 -10 818.191319111446 152.52756354819297 1037.0609198460966 243.24509855706376 4.74715662002567 1.7702938318252097 1.9916309118270166 7.7845197 1.5457381 18.201412 -0.72524090210465 
