0 1 Cyclist -1 -1 -10 710.2724079866966 158.70606892642522 950.40374070436 374.0 1.7197589874267578 0.6264708638191223 1.8304829597473145 1.6472634 1.7244564 5.742938 -1.578825012841497 
1 1 Cyclist -1 -1 -10 719.3350620530662 153.72252939843432 951.8594100334628 374.0 1.6548257011891492 0.6342824250685137 1.8443552654248823 1.680305 1.7019137 5.731134 -1.5329255414785048 
2 1 Cyclist -1 -1 -10 761.0823675991303 142.58077585678282 930.5345435716913 374.0 1.1398790918048562 0.6946057416330809 1.8493006208008727 1.7457684 1.6290977 5.655969 -1.4719975640662855 
3 1 Cyclist -1 -1 -10 780.3222069985305 142.51969976845814 921.3737852356893 374.0 0.9533934003255733 0.768447100874609 1.7711585762673077 1.783798 1.5536284 5.646872 -1.381927715038565 
4 1 Cyclist -1 -1 -10 752.1346731292878 137.97798269981905 940.5562772342083 374.0 1.331585764875598 0.6082616448441776 1.8428730964642948 1.8169407 1.5761107 5.843511 -1.5469810581401615 
5 1 Cyclist -1 -1 -10 759.8082608528542 137.09836789272873 925.7775362152131 374.0 1.1463145017623568 0.6259133815765182 1.8622716665267407 1.818682 1.5987787 5.8323317 -1.9688239554550195 
6 1 Cyclist -1 -1 -10 761.7708646415805 143.95702809827372 933.8153642443065 374.0 1.1651346683502382 0.6408370733261132 1.793227314948957 1.8323861 1.5743545 5.829722 -1.6373041505601749 
7 1 Cyclist -1 -1 -10 763.1597588512188 146.66561745644162 932.1675792491726 374.0 1.1225601434707775 0.6468850374222133 1.8057758808136308 1.8394833 1.610698 5.820983 -1.792855099835668 
8 1 Cyclist -1 -1 -10 759.8557605051834 154.9282047893877 944.6444235127007 374.0 1.2729693651199259 0.6448499560356242 1.7685701847076796 1.8854057 1.6356384 5.8371687 -1.8300545374539237 
9 1 Cyclist -1 -1 -10 738.9593828515264 153.77869064507325 987.0950583648544 374.0 1.8117192983627466 0.6330887675285125 1.8183705806731854 1.96921 1.6726818 5.89816 -1.6379106948759894 
10 1 Cyclist -1 -1 -10 741.0743521499616 162.95742257395543 985.6981481645353 374.0 1.7455613613128262 0.7430918216705077 1.7801729440688911 1.9743439 1.7050852 5.929114 -1.6403227830913405 
11 1 Cyclist -1 -1 -10 737.1526572410888 156.8851885995831 962.5892836689667 374.0 1.6713742017746835 0.6503798365592692 1.8217493295668374 1.9098917 1.696182 6.0472636 -1.6130273836341242 
12 1 Cyclist -1 -1 -10 744.4217726198614 148.20927349526585 971.287869356538 374.0 1.6814730167390124 0.6427288055419663 1.8950458765030294 1.9804877 1.7045629 6.0188446 -1.7091393480685095 
13 1 Cyclist -1 -1 -10 733.747434578101 151.254378712598 964.1478781440514 374.0 1.778640627861022 0.6239542961120675 1.8436853885650848 1.9606557 1.6709454 6.1887426 -1.6824625665929656 
14 1 Cyclist -1 -1 -10 732.554046056648 158.5062436337345 963.2709174569297 374.0 1.7812813520430484 0.6439735293388141 1.7940185070037273 1.9577758 1.6780766 6.2299685 -1.6414837698128562 
15 1 Cyclist -1 -1 -10 738.4815594430906 161.29541834603 949.6081986094656 374.0 1.5864233970641581 0.7444990873337043 1.7879052162170437 1.9493273 1.6951778 6.2929387 -1.7184407720949988 
16 1 Cyclist -1 -1 -10 740.475903370819 157.25695384788887 909.330065357186 374.0 1.3132493495941597 0.702349364757555 1.8291804790495902 1.8736638 1.7015239 6.500851 -1.9758152524617056 
17 1 Cyclist -1 -1 -10 747.1748207461784 167.25653488142638 910.5904019019807 374.0 1.2042906284331572 0.7288001775741588 1.7504330873488763 1.893035 1.7044855 6.487771 -1.8611633936550955 
18 1 Cyclist -1 -1 -10 736.328818154498 175.16872677799742 908.1421719202224 374.0 1.3444279432296975 0.682002007961304 1.7023309469222985 1.8592482 1.7254092 6.5647044 -1.8532413701203208 
19 1 Cyclist -1 -1 -10 734.5237254082725 175.83510359176137 903.0681778997719 374.0 1.399737000465369 0.584790110588085 1.7957324981689478 1.8296808 1.8249729 6.649467 -1.5040551657464842 
20 1 Cyclist -1 -1 -10 700.3559774108585 186.5181286499639 912.9496179120703 374.0 1.8045945167541777 0.7277100682258761 1.7211874723434484 1.7773057 1.8607198 6.8320312 -1.7445472190764288 
21 1 Cyclist -1 -1 -10 697.9118328657553 183.30801119699356 903.199211431512 374.0 1.7594180107116995 0.6977085471153034 1.7286993265152164 1.7190593 1.8345939 6.8709836 -1.6418533633139472 
22 1 Cyclist -1 -1 -10 686.5398538712268 177.3049986472676 892.7496698915472 374.0 1.8527032136916854 0.6965008974075554 1.7441649436951017 1.6741581 1.7913796 6.9561505 -1.91035391489533 
23 1 Cyclist -1 -1 -10 690.546319817722 175.28518716205753 867.4267511809081 371.241330198551 1.579011201858525 0.6482684016227467 1.7272530794143182 1.5765667 1.7531104 6.9685626 -1.9551538387921195 
24 1 Cyclist -1 -1 -10 683.3355652634984 175.9371231839474 878.9195940832441 369.408226940002 1.7736101150511985 0.7037065625190901 1.7473132610321376 1.6287014 1.7807577 7.1367087 -1.8782409290459494 
25 1 Cyclist -1 -1 -10 677.5191593000719 171.32999769400448 859.5475195473152 360.3374888158427 1.6455521583556705 0.6684346199035412 1.765865683555546 1.5044597 1.7519851 7.20648 -1.7400274286654334 
26 1 Cyclist -1 -1 -10 677.0535426984584 170.4354942103105 832.122630988359 358.4313428216989 1.3701554536819491 0.7048429250717215 1.7351453304290725 1.3922058 1.7131811 7.2504616 -1.9753598133709769 
28 1 Cyclist -1 -1 -10 665.9748917914563 159.67199594320718 799.7054025782348 346.10773047450675 1.1540164947510294 0.732000708580029 1.777412891387963 1.208902 1.6520982 7.4610815 -2.0331210354950766 
29 1 Cyclist -1 -1 -10 642.2133728818917 162.29204359234967 786.0164399539044 348.0279006056517 1.4041033983230298 0.7188535332680128 1.752218961715795 1.0464263 1.6529361 7.5232897 -2.2451243559506278 
30 1 Cyclist -1 -1 -10 635.8814812354988 167.11601637101015 761.7521779050817 347.63969968598366 1.4543938636779823 0.6366438865661758 1.7047778367995552 0.90934217 1.650949 7.5760283 -2.458350316682134 
31 1 Cyclist -1 -1 -10 612.2994986429326 159.58042488008095 775.4911064891188 341.89233133800104 1.690868616104073 0.591798603534688 1.8114694356918162 0.8608977 1.6799397 7.7905025 -2.0048000375416617 
32 1 Cyclist -1 -1 -10 606.4203362052419 163.60159132267594 768.7254702741283 343.0942402151109 1.6111699342728516 0.7064958810806051 1.778132081031728 0.78576106 1.6868316 7.8023605 -2.001352892318044 
33 1 Cyclist -1 -1 -10 601.9224641314041 166.61284184910483 737.1959770331129 340.2350233737854 1.347961544990555 0.6511741876602374 1.7366824150085411 0.60138166 1.6746122 7.8509655 -2.1372487703945975 
34 1 Cyclist -1 -1 -10 600.7531989538714 162.2869822182548 734.5476805860028 336.14752493462305 1.2608730792998695 0.7164605855941844 1.743370532989542 0.56845725 1.6377686 7.8382854 -2.043240980305944 
36 1 Cyclist -1 -1 -10 595.0565234581157 155.83135192351185 710.8013502079042 329.7205624900377 1.0423676967620894 0.7208665609359792 1.7691261768341942 0.41043353 1.5962979 7.9057035 -2.0758816162731986 
38 1 Cyclist -1 -1 -10 573.3421656480259 157.08023966801215 706.9087888130398 327.56624093567024 1.36500203609464 0.7027375102042883 1.801810145378037 0.2664182 1.6354604 8.116927 -1.7944290349867682 
39 1 Cyclist -1 -1 -10 583.5384774488564 159.81657028712783 693.0991546155699 325.963148213023 1.1096942424774943 0.821908950805663 1.7554260492324592 0.23725359 1.6180366 8.09714 -1.694869221248899 
40 1 Cyclist -1 -1 -10 573.3274007928837 161.46708358261105 692.0744278044755 326.80669687216914 1.1833089590072097 0.7905397415161535 1.7397652864456428 0.17739436 1.6203058 8.092689 -1.7672325233605246 
41 1 Cyclist -1 -1 -10 562.6993036844824 160.15629055628676 697.1419208560707 331.1197784705359 1.3314244747162407 0.7845531105995162 1.7872551679611208 0.15182382 1.654871 8.107234 -1.862231538691793 
42 1 Cyclist -1 -1 -10 546.604270277793 162.28157163561096 700.6580355120391 333.2296896531956 1.6078176498412808 0.700984120368954 1.7964502573013341 0.08096648 1.6857052 8.101416 -1.7967755208399634 
43 1 Cyclist -1 -1 -10 544.5616142767161 165.4593444049865 705.3932364130919 335.3593577802411 1.695538043975874 0.6708936095237721 1.7886202335358614 0.09784982 1.711131 8.107557 -1.7933896789934973 
44 1 Cyclist -1 -1 -10 557.6799437069911 164.00724666970802 696.4072843926049 334.0318910787518 1.452879905700691 0.6823090314865031 1.8021020889281838 0.11641397 1.7086927 8.10641 -1.7444377551462988 
45 1 Cyclist -1 -1 -10 574.8602621811759 164.41890081660324 689.7800593160272 331.47174247075225 1.22199022769919 0.7122702598571458 1.7833518981933976 0.17103265 1.6936619 8.099927 -1.6442021141436438 
47 1 Cyclist -1 -1 -10 581.1777996367731 162.51899290613835 701.5089417752268 333.133051833113 1.2526422739028786 0.7612756490707533 1.7696481943129614 0.26205376 1.662809 7.877894 -1.5966230435904603 
48 1 Cyclist -1 -1 -10 590.847414597056 164.12273933575634 694.0845333317594 337.0648247457959 1.0512628555297292 0.8457721471786387 1.7587634325026567 0.32216534 1.6703273 7.82226 -1.4413324455407004 
49 1 Cyclist -1 -1 -10 588.6500108801348 164.9504428713082 716.7683884531112 334.9549862210673 1.307339072227447 0.7579577565193022 1.7452640533447927 0.3776675 1.6644841 7.819972 -1.6275115656342845 
50 1 Cyclist -1 -1 -10 606.4801745954835 163.0254777855453 716.5189687718538 335.47202416008315 1.0298331975937052 0.7889661788940175 1.7524989843368555 0.47907782 1.6529739 7.8048244 -1.7384985546257834 
51 1 Cyclist -1 -1 -10 585.1080453316008 165.4957303950567 758.9906972506423 332.0722874346194 1.808020949363713 0.7091844677925234 1.730737924575788 0.5951753 1.654643 7.864646 -1.5530455010619502 
52 1 Cyclist -1 -1 -10 607.6875539187732 164.23959541407504 754.1370888475171 336.28242065729336 1.514832854270978 0.6503484249114991 1.7549700736999536 0.72073334 1.6674544 7.801877 -1.4069288382914404 
53 1 Cyclist -1 -1 -10 641.3884853264437 158.755676249222 747.3925965452756 337.4178326028357 1.0794991254806556 0.7541610002517378 1.816740274429326 0.84835494 1.6737382 7.7702847 -1.4568247134473662 
54 1 Cyclist -1 -1 -10 640.1636378766575 161.55296148104082 765.3506250772398 339.9555310381088 1.2200006246567485 0.639816701412201 1.7965089082718437 0.9523964 1.6830657 7.7854223 -1.1931282440808157 
55 1 Cyclist -1 -1 -10 659.1764315741738 158.07970589486123 776.3320941107194 333.30180972490496 1.1632463932037762 0.685047030448889 1.8109064102172117 1.082033 1.6585732 7.797428 -1.5718556793315823 
57 1 Cyclist -1 -1 -10 690.9532241180639 159.4938530421999 809.9929146412774 334.52625443028455 1.2008014917373349 0.7745743393898168 1.7738283872604372 1.4453615 1.6387907 7.7930045 -1.40041741827992 
59 1 Cyclist -1 -1 -10 722.0694292318725 164.57745712109434 845.2677883886378 332.0629326374353 1.2352057695388714 0.7248677611351285 1.6991167068482331 1.7870903 1.6155102 7.782492 -1.3941239277508597 
60 1 Cyclist -1 -1 -10 735.115160973739 157.93668606341717 868.8592874271199 335.7118285580135 1.3425284624099303 0.6812506318092371 1.7888427972792906 2.0316076 1.6390969 7.808782 -1.2188772122052054 
62 1 Cyclist -1 -1 -10 752.1753264098163 156.33254309010422 921.9082291780754 333.4110403027228 1.6927076578140445 0.6195861101150734 1.7989810705184222 2.3603592 1.6314937 7.8227525 -1.3399381200459342 
63 1 Cyclist -1 -1 -10 784.0259372689927 156.4240790342731 933.6204692690342 335.0789166800034 1.4719007015228205 0.7664589881896906 1.8019459247588225 2.6320481 1.6365886 7.87145 -1.2484549144890646 
65 1 Cyclist -1 -1 -10 811.6679382553444 160.55721768729765 974.2164587957249 331.9225080773471 1.6044809818267314 0.59561020135884 1.7277227640151194 3.0345485 1.6041032 7.906635 -1.0905307392266135 
66 1 Cyclist -1 -1 -10 834.911513688821 159.74566449749534 1006.3113165379974 339.61408214820915 1.6219730377197619 0.5784273743629708 1.7659581899643417 3.2877734 1.6376177 7.8716755 -0.7506016055729727 
67 2 Cyclist -1 -1 -10 673.1962429216503 167.4211076570258 720.0591764216638 233.43570828606363 1.6185712714326372 0.5289433713561114 1.7379467656875178 2.3450465 1.5952744 19.796738 -2.4896664400032207 
67 1 Cyclist -1 -1 -10 848.391466918953 163.49717932396555 1020.9907628304366 342.7872251025832 1.6283106803893863 0.5690945982933102 1.7611821889876702 3.4428952 1.6696272 7.881022 -0.731223658719335 
68 2 Cyclist -1 -1 -10 664.5797988084252 172.928582124946 715.1703179792762 238.8607963745833 1.7944541932616325 0.6276917784167604 1.6993558690234445 2.1338458 1.7018273 19.520782 -2.5696850411119923 
68 1 Cyclist -1 -1 -10 862.8625820290096 161.2557914360027 1040.14565939242 342.35743409036724 1.6586600542069407 0.5994325280189737 1.7935935258865168 3.6502695 1.6790851 7.903483 -0.8780879537251334 
69 1 Cyclist -1 -1 -10 875.4707094882267 164.19616303783394 1057.0631013075867 343.9646445859999 1.6773451566697009 0.6047725081443747 1.7668514251708596 3.7982168 1.6821159 7.9002223 -0.7733863751080374 
70 1 Cyclist -1 -1 -10 891.8315350636041 164.69937233438264 1071.717089230147 341.99720929966674 1.6670663356780298 0.5943057537078834 1.7613369226455795 3.9936545 1.680684 7.9300337 -0.8696138421681265 
71 1 Cyclist -1 -1 -10 894.8354947957207 158.82276996159334 1078.8152675950162 336.0876471207363 1.775444149970959 0.6877120137214364 1.8057715892792623 4.163349 1.6631954 8.12365 -0.9870330850270133 
72 1 Cyclist -1 -1 -10 908.6198133360831 156.75659848872485 1088.6969369557364 333.32835426093845 1.734923005103975 0.5867726802825772 1.8284984827042883 4.2892294 1.6621588 8.149777 -1.0590455691006522 
73 1 Cyclist -1 -1 -10 917.1522593504952 157.7907718715154 1096.7006627037108 333.7336888826885 1.7126477956772028 0.5804517269134233 1.8097616434096468 4.4060626 1.6551781 8.1732 -0.911090568700109 
75 1 Cyclist -1 -1 -10 928.0084853884534 161.5542865142487 1098.722551190644 327.40762510845934 1.6886676549910293 0.6015844941139149 1.7727240324020488 4.618019 1.6523049 8.416707 -1.0036579529431204 
76 1 Cyclist -1 -1 -10 933.4118009182656 164.3358243788153 1106.9122318514762 330.35480043849157 1.711293458938553 0.5683415532112415 1.776384115219045 4.719967 1.6855985 8.456414 -0.9310512701657156 
77 1 Cyclist -1 -1 -10 937.5443323182992 166.9460241572307 1105.0126626973654 330.5949788018006 1.6272743940353298 0.5356532931327852 1.7515108585358594 4.738341 1.6886365 8.484638 -0.7849812070515494 
78 1 Cyclist -1 -1 -10 936.3063675206365 166.25484755795958 1110.4926077558275 328.0814653692532 1.7793668508529996 0.6464478969574046 1.7899951934813778 4.921975 1.7173586 8.742143 -0.9803374568608145 
79 1 Cyclist -1 -1 -10 936.6784935954037 168.57453464774764 1101.3072237916572 325.80593485364034 1.6899387836457227 0.6678553223609913 1.7477779388428702 4.895993 1.7005655 8.771802 -0.9683244387295584 
80 1 Cyclist -1 -1 -10 930.6157546725784 162.40123208835354 1101.2353043590792 321.09866866350586 1.7948707342147365 0.5366406440734602 1.826906681060739 4.9016004 1.7069335 8.927412 -1.1323975483563284 
81 1 Cyclist -1 -1 -10 925.657016564254 169.32746246475898 1087.626704420406 318.2773363771311 1.7055169343947787 0.6459221243858339 1.765930294990416 4.899201 1.724478 9.1253195 -1.2525005201485495 
82 1 Cyclist -1 -1 -10 923.0202863882057 172.95395152964497 1080.3871413690747 318.3655830094054 1.7536057233810896 0.5805435776710273 1.7665182352065716 4.9721212 1.7682611 9.379393 -1.1607248345997672 
83 1 Cyclist -1 -1 -10 918.4695532834403 172.64536937484658 1074.9065087203508 316.4508617665144 1.7180531024932328 0.6282055377960202 1.7709952592848777 4.947044 1.7687838 9.442139 -1.2638251642372946 
84 1 Cyclist -1 -1 -10 915.8371081609167 172.54774373983793 1049.2956120759652 312.11919807355446 1.5470373630524155 0.6463534832000906 1.757562398910522 4.896814 1.7540637 9.687839 -1.161052898564611 
85 1 Cyclist -1 -1 -10 904.276410595641 170.36368707950226 1053.6781694107515 308.4878388821987 1.6691346168517793 0.6868209242820809 1.783538818359336 4.8975816 1.7517403 9.772703 -1.42818841437367 
86 1 Cyclist -1 -1 -10 895.4939285038458 169.00663614311412 1045.925471300846 306.3826911798918 1.7635920047759537 0.6408417820930347 1.8065360784530615 4.892245 1.7563 9.997592 -1.3422099957850318 
87 1 Cyclist -1 -1 -10 893.7249607175299 174.20325728294534 1033.6818360067712 308.74584019100666 1.7083339691162498 0.6147832870483138 1.7583321332931898 4.8517914 1.7787598 10.084936 -1.1260197917607169 
88 1 Cyclist -1 -1 -10 888.5135840613484 170.9305304787276 1024.1689370741567 306.53249702357476 1.6555939912796056 0.49111792445185565 1.77749967575082 4.8034797 1.7526443 10.187426 -0.8472003499653677 
89 3 Cyclist -1 -1 -10 244.96498901040985 175.18557686740002 363.0089251518733 302.14480622464225 1.76362144947052 0.6932777762413025 1.620836853981018 -4.3016057 1.6570629 10.170012 -2.9747771779682974 
89 1 Cyclist -1 -1 -10 881.7423496877411 175.56610086025796 1011.4271384019971 304.1196287044936 1.6477308273314681 0.6108490228652972 1.7371006011963426 4.7622223 1.7788639 10.393109 -1.1428205529835562 
90 1 Cyclist -1 -1 -10 874.6657693146394 171.4923484531786 1004.8875537594357 299.8905050459818 1.6932739019393883 0.5489577054977395 1.7763962745666957 4.7382975 1.7579156 10.564208 -1.167927430072103 
91 1 Cyclist -1 -1 -10 861.9017125406093 172.49351274752095 995.3648660893023 300.37229225509947 1.786673426628113 0.5639495253562656 1.8070591688156372 4.6920805 1.802323 10.815982 -1.149483368792806 
92 1 Cyclist -1 -1 -10 860.907472197919 174.15372003893344 977.7370124013014 292.8758918038263 1.593103885650655 0.509337663650486 1.7275347709655549 4.620413 1.748565 10.990223 -1.2641456286099295 
93 3 Cyclist -1 -1 -10 26.64711341088608 169.9578809781039 221.39582316160613 344.46625182950334 1.828481630616397 0.7420422418553954 1.6815810529400168 -5.2665234 1.6540316 7.9062243 -3.0053700311064566 
93 1 Cyclist -1 -1 -10 852.3296752967635 173.16132013064427 978.1870562018795 292.7355928736185 1.7072693109512609 0.5503654479980473 1.7577317953110276 4.5889797 1.7629983 11.064097 -1.3467724035170416 
94 3 Cyclist -1 -1 -10 0.0 166.4195801540709 162.69382792238957 356.00264641146316 1.8244388108903709 0.5966406659460746 1.7018914195495054 -5.62754 1.6444874 7.422796 -2.9803429438425493 
94 1 Cyclist -1 -1 -10 849.5809784639966 166.85770203080685 972.0854666558973 290.6989926142908 1.697692751884495 0.5138183832168578 1.8041174411774217 4.580998 1.7171214 11.151887 -1.0531577030804495 
95 3 Cyclist -1 -1 -10 0.0 158.9250342692942 90.48753782471772 366.8130782404872 1.7532304527045959 0.5756146908299474 1.6551997662686257 -5.581415 1.5446556 6.662518 -3.3888931219281897 
95 1 Cyclist -1 -1 -10 839.9046377314613 174.5276158311938 960.4721233668811 291.9860790692181 1.6960930824279714 0.5474877357482769 1.7349739074706643 4.4923 1.7631798 11.338613 -1.041281179585729 
96 1 Cyclist -1 -1 -10 837.1639399637775 176.58691991068054 952.4182690078876 293.3737310354147 1.661726713180503 0.48967891931534935 1.7518829107284217 4.4576507 1.814633 11.458094 -1.0937782386925559 
97 1 Cyclist -1 -1 -10 834.431023136558 179.07032109532187 945.6128828535414 295.7278202369082 1.6020246744156383 0.5326966047287183 1.7535334825515998 4.4089136 1.8584787 11.522672 -1.076996580758367 
98 1 Cyclist -1 -1 -10 825.2295900113003 176.51022991668196 932.3019508001256 289.2892089919611 1.5961987972259843 0.599962234497049 1.7488241195678897 4.294585 1.8114522 11.753187 -1.2553880969670157 
99 1 Cyclist -1 -1 -10 818.2050861140267 172.54438665726335 937.0071567063003 287.1574205008471 1.8044315576552787 0.6175882816314409 1.8120261430740665 4.3419657 1.807489 11.960191 -1.2787698666241507 
100 1 Cyclist -1 -1 -10 812.5229176337391 172.77950794985634 928.3694877658528 288.2710557451665 1.7630625963212352 0.6679874062538537 1.8149374723433978 4.2578273 1.8141247 11.975864 -1.1870835284378867 
101 1 Cyclist -1 -1 -10 816.9408146324106 173.91272870405228 918.057065167282 286.9476108530197 1.5060502290725521 0.5929708480835061 1.7826318740844191 4.22963 1.801555 12.018968 -1.052118674912725 
102 1 Cyclist -1 -1 -10 813.9634670640687 171.82041079677398 910.4751292492917 284.36313380797884 1.4323284626007127 0.650363504886657 1.8087700605391914 4.225925 1.7925162 12.260117 -0.9861766854908804 
103 1 Cyclist -1 -1 -10 810.9636816193009 169.7769012378333 914.7230949342672 283.6038158586678 1.546390652656573 0.6286196112632858 1.823214054107704 4.234982 1.7742847 12.279298 -0.904771045842443 
104 1 Cyclist -1 -1 -10 799.1972413585194 174.36411747305536 906.9546057314042 283.8614983677737 1.630307555198642 0.6475936174392652 1.7565399408340476 4.083441 1.7841895 12.31463 -0.9806527058270316 
105 1 Cyclist -1 -1 -10 798.0494749924216 173.15270628980016 901.8921764876279 282.5015995757915 1.608073472976717 0.6080848574638249 1.7773889303207928 4.058096 1.7831445 12.382253 -1.068926409879003 
106 1 Cyclist -1 -1 -10 795.0316474816939 171.75053782468794 898.4961678562698 282.744063185633 1.652903199195858 0.6433978676796106 1.822226524352946 4.0168777 1.8044684 12.427672 -1.222218737998281 
107 1 Cyclist -1 -1 -10 789.1702336885439 173.89532514244593 897.7454917858913 284.9376399717554 1.7484577894210747 0.747546911239611 1.8364354372024796 4.035244 1.8560154 12.629693 -1.1678416291859488 
108 1 Cyclist -1 -1 -10 786.3734171065619 175.64852158901286 894.9451243467672 285.9293339705194 1.7103838920593581 0.7910945415496636 1.812320232391279 3.9832058 1.8644361 12.626523 -1.1100727478649954 
109 1 Cyclist -1 -1 -10 782.7343074523142 174.51104130554717 892.7322599239837 283.4133169132503 1.711217641830416 0.8561223745345957 1.7851005792617407 3.932038 1.816243 12.625101 -1.0869801501419882 
110 1 Cyclist -1 -1 -10 783.6107772202625 174.98889718222011 886.7438953147963 281.1559067916293 1.679688453674359 0.7336950302124023 1.7740850448608374 3.8711934 1.8136177 12.657492 -1.297670499482427 
111 1 Cyclist -1 -1 -10 777.2674781467471 175.74912822029341 881.4988416074488 279.22618623196826 1.716158270835823 0.5972405672073193 1.744134068489075 3.7825449 1.7974966 12.6974125 -1.3098245124008994 
112 1 Cyclist -1 -1 -10 767.5175542247009 170.66577675974514 871.7767169277062 276.4037102133914 1.6963392496109824 0.6256446242332213 1.8041949272155786 3.6188946 1.7672154 12.738332 -1.4289872954275946 
113 1 Cyclist -1 -1 -10 761.2233568729713 171.84497769250385 867.9185890901052 275.9023731625463 1.7169244289399108 0.7368484139442519 1.7975581884384415 3.5707679 1.7804855 12.8855095 -1.5051773498442511 
114 1 Cyclist -1 -1 -10 753.1002018256041 174.82101081755772 868.5891242901935 277.0571861766961 1.8929383754730864 0.6666175723076064 1.7621899843215512 3.496266 1.7987492 12.863268 -1.4848209852960448 
115 1 Cyclist -1 -1 -10 742.3984720092388 174.32655878966133 860.0268653042592 275.42572845318426 1.9445471763610283 0.6403632760047759 1.7593543529510545 3.3445814 1.7868325 12.925016 -1.5286522033300738 
116 1 Cyclist -1 -1 -10 736.7638962100431 175.4600400485087 842.1091839749228 276.5983530907517 1.7292525768279785 0.6373145580292081 1.7671228647232105 3.152703 1.8155829 12.968715 -1.603367411592279 
117 1 Cyclist -1 -1 -10 721.2321506887969 173.5553382339207 833.8682820413402 276.73966292966514 1.883857250213635 0.6375858783721993 1.816122770309465 2.9538848 1.8294898 13.041313 -1.5932126390424113 
118 1 Cyclist -1 -1 -10 721.8533972789104 177.94277794069794 822.3850913082226 278.2624608246258 1.6957026720046535 0.5651789307594219 1.7646589279174214 2.855032 1.8591299 13.0311985 -1.5378634455290179 
119 1 Cyclist -1 -1 -10 710.6229034354797 177.35767797501742 813.7613830843849 277.8983131985614 1.7403061389922563 0.6228621006012132 1.7755016088485713 2.6858628 1.8595169 13.08384 -1.5652762656707804 
120 1 Cyclist -1 -1 -10 696.2240367136023 182.49241828818316 794.4300461602184 276.3908009353 1.641334652900769 0.821614444255804 1.6582666635513403 2.4068937 1.8413262 13.250597 -1.586712391176496 
121 1 Cyclist -1 -1 -10 678.3930297134231 175.8601430197872 782.0922263503007 275.62890675060686 1.796449661254884 0.7226691842078974 1.7867139577865931 2.1403863 1.844079 13.3107 -1.5617050901663045 
122 1 Cyclist -1 -1 -10 670.4657135348043 176.48787972316856 756.8551391385341 275.8216801440432 1.5111287832259448 0.6871948838233811 1.7775983810425988 1.8381138 1.8468391 13.305425 -1.5367705124106745 
123 1 Cyclist -1 -1 -10 648.6836533258229 175.7302738536954 744.9781545803849 274.25760127885184 1.7159564495087094 0.5988109707832332 1.7872250080108532 1.5419451 1.84223 13.404523 -1.57314601337095 
124 1 Cyclist -1 -1 -10 637.0838372457 176.1902925097241 721.2159644664729 272.0389934192626 1.374037623405406 0.7798987030982968 1.7172280550003216 1.2397664 1.7830366 13.558938 -1.9041620949890952 
125 1 Cyclist -1 -1 -10 611.7559108954748 174.48421159249787 709.7209482910487 270.6401004859501 1.7211599349976645 0.7969194054603849 1.7358760833740308 0.87839067 1.7678812 13.521886 -1.6709948341038565 
126 1 Cyclist -1 -1 -10 589.3736813234564 173.5906734405459 690.9107298248782 270.9703396823854 1.7636599540710902 0.8087538480758849 1.7521948814391874 0.49976414 1.7669885 13.562659 -1.7736971835282187 
127 1 Cyclist -1 -1 -10 575.0402308047514 173.82675558154415 673.8940879792864 270.2787536117767 1.7657538652419806 0.8349524140357912 1.7426668405532126 0.19812603 1.7619836 13.552006 -1.676109948256288 
128 1 Cyclist -1 -1 -10 554.2597124940537 175.41338118156045 654.3931992749415 271.4452216050399 1.7358711957931139 0.8663046956062127 1.719473958015431 -0.17396834 1.7701569 13.567162 -1.7981944988158087 
129 1 Cyclist -1 -1 -10 539.8363535607834 172.3132428152362 638.336873492355 271.067415816928 1.7529597282409763 0.802291810512562 1.7794325351715161 -0.46106374 1.7700466 13.541563 -1.740056143203054 
130 1 Cyclist -1 -1 -10 525.6626105949115 173.7772590077979 624.234701590415 271.566314794775 1.7647473812103531 0.8172727227211176 1.761451601982024 -0.72762054 1.7798623 13.555148 -1.7390205423024039 
131 1 Cyclist -1 -1 -10 513.324962271145 176.0738582660879 608.9951192062496 273.3804734814806 1.685114383697557 0.8312098383903452 1.7423521280289018 -0.9833281 1.8058025 13.545818 -1.7912966916945319 
132 1 Cyclist -1 -1 -10 505.9957849785301 178.04578323327843 598.3336841123827 276.37271880500384 1.6728426218033723 0.853166401386286 1.7679394483566617 -1.1398633 1.8693397 13.532044 -1.6705567399647574 
133 1 Cyclist -1 -1 -10 496.02554076911434 177.9076186854696 593.1190162449001 276.2214380813877 1.7089644670485986 0.8240126371383572 1.75737452507013 -1.2947936 1.8570669 13.568778 -1.8214878598835806 
134 1 Cyclist -1 -1 -10 488.2642850968883 177.21988477266376 587.4030815625091 275.78655557729724 1.768419981002754 0.8382238149643135 1.761777639389133 -1.4217224 1.8477076 13.543176 -1.7835298041489462 
135 1 Cyclist -1 -1 -10 485.1892614147041 176.04720424247895 584.5583904848313 274.039054302026 1.7577997446060631 0.8327000737189975 1.7483156919480298 -1.4733564 1.8112215 13.520452 -1.8065986345198493 
136 1 Cyclist -1 -1 -10 484.61833463804635 173.5801269570737 579.7536086693161 270.47261384688255 1.699054598808285 0.8425843119621051 1.7369292974471686 -1.5263846 1.7514914 13.526167 -1.7760464558985571 
137 1 Cyclist -1 -1 -10 485.7176673734652 171.03844551392447 580.3293949643581 267.3117872208512 1.7121067047119578 0.8545675277709962 1.7294837236404443 -1.5119352 1.6972264 13.523466 -1.7386389980700354 
138 1 Cyclist -1 -1 -10 486.3631265785588 168.79910116421786 581.8455143121862 264.9242991676701 1.727275967597993 0.8324233889579475 1.7327197790145874 -1.4787034 1.6599854 13.528953 -1.7018571803953986 
139 1 Cyclist -1 -1 -10 491.26958360179333 167.57118840200354 587.3960772846723 264.8041468475241 1.743704795837389 0.8343917131423749 1.7500442266464187 -1.3942327 1.6553196 13.534018 -1.7300678650524954 
140 1 Cyclist -1 -1 -10 494.34382179237434 167.2108329363222 591.1556129845986 264.79498633744043 1.7548941373825389 0.8524955511093163 1.7571377754210622 -1.3270649 1.6558826 13.536995 -1.7144285152342658 
141 1 Cyclist -1 -1 -10 497.8440226784059 168.54175474956693 592.8681103329487 266.35263020140803 1.7216076850890547 0.8176343441009307 1.7691825628279756 -1.2575325 1.6915414 13.528679 -1.655772821107183 
142 1 Cyclist -1 -1 -10 501.6557069360256 168.83745465378743 598.0081740462766 267.2465792780553 1.7449538707733239 0.8446692228317237 1.7686505317688157 -1.1943619 1.6968213 13.505329 -1.7112217406418662 
143 4 Cyclist -1 -1 -10 450.73009706015335 176.91612863364116 472.29967972800563 203.75762738692595 1.2892372608184814 0.6178645491600037 1.7509485483169556 -9.796902 2.020375 47.475674 -4.702851847806249 
143 1 Cyclist -1 -1 -10 508.5845891381106 168.17573050020445 604.9069726578036 265.688568382103 1.7318280935288388 0.8169121742248358 1.7527335882186426 -1.0664436 1.6690024 13.511282 -1.7354049245503287 
144 1 Cyclist -1 -1 -10 511.7308474268397 170.70317969737397 610.2173857586004 267.1327501966584 1.7663880586624074 0.8315749764442502 1.7324342727660753 -0.9881621 1.6941509 13.518241 -1.7392606000092368 
145 1 Cyclist -1 -1 -10 515.8116883555182 168.93743527930474 613.2470469626484 267.0597456977731 1.755244374275154 0.8270308971404763 1.7602984905243277 -0.92021006 1.6903938 13.476483 -1.714526460566793 
146 1 Cyclist -1 -1 -10 521.7602357479492 166.07657831707965 616.7555210978458 266.08297173263986 1.7156869173049392 0.7087506055831446 1.8031151294707928 -0.8035068 1.6812761 13.40275 -1.6200398067620139 
147 1 Cyclist -1 -1 -10 527.9319722076642 164.4528216219313 623.7901088434247 264.0074201355122 1.7336349487305502 0.6671681404113942 1.7889165878295614 -0.6955289 1.638312 13.37735 -1.6662001992252211 
148 5 Cyclist -1 -1 -10 486.1724914141176 170.058783381236 515.3613777999755 199.5688133519327 1.6538771390914917 0.6659706234931946 1.7215945720672607 -6.458042 1.5588813 42.484367 1.4969286163661142 
148 1 Cyclist -1 -1 -10 536.7244185949772 160.96337788976038 626.8202952951435 262.32629814612255 1.6288731098174343 0.6707673072815055 1.8273272514344148 -0.578289 1.6133261 13.384833 -1.62624774599937 
149 5 Cyclist -1 -1 -10 489.81911030487595 170.1314010716156 524.2868743285484 201.89497050860496 1.8672463028021238 0.6515115285258058 1.7993464800972896 -5.9091887 1.6454741 41.221138 -4.686160048442213 
149 1 Cyclist -1 -1 -10 537.1511933895385 160.34131730167945 633.385184191373 262.1735156073234 1.7433797121047463 0.6775881052016957 1.836340308189413 -0.51904565 1.6110569 13.406232 -1.639086672165666 
150 5 Cyclist -1 -1 -10 495.45499404025475 171.52768939826063 527.6027143619549 202.98502622561097 1.7188660107722067 0.6651449184992505 1.7459113670375142 -5.5404344 1.6726576 40.39369 1.5499422870391282 
150 1 Cyclist -1 -1 -10 544.1850492236308 163.94992796656047 639.8689958397171 263.7429636200794 1.716288447380111 0.7433429956436154 1.7814218997955817 -0.4027014 1.6228317 13.333608 -1.671505176523004 
151 1 Cyclist -1 -1 -10 544.6484605021412 166.23483093549882 643.7026296687658 265.03197022833376 1.7799365520476844 0.8378814458847023 1.766039013862593 -0.35945502 1.6480765 13.371213 -1.6361630270865302 
152 5 Cyclist -1 -1 -10 510.27965383922145 175.37800863586003 532.5506495747326 207.66752874307736 1.0817087895376332 0.622017025992614 1.6908868551829659 -4.7184815 1.8259417 38.1685 -4.668224923073939 
152 1 Cyclist -1 -1 -10 552.3566327559926 172.19920867410292 647.851585186949 271.4505795759151 1.7087662220001152 0.7923555374146114 1.7709984779358794 -0.24215496 1.7596725 13.301039 -1.6095446805146079 
153 5 Cyclist -1 -1 -10 505.845308399435 175.85119688560638 542.6702067868354 210.90918525617073 1.8031483888428186 0.6531459093085301 1.7671756744363285 -4.397472 1.9216332 36.76004 1.5616263586624601 
153 1 Cyclist -1 -1 -10 553.2476680864703 171.39280115958854 651.9456510974603 270.55542653866075 1.7604626417159996 0.7809540033340364 1.7681509256362888 -0.18586628 1.7424544 13.258185 -1.5763073857550065 
