0 1 Pedestrian -1 -1 -10 1083.9691740324893 167.7703369979179 1211.8936751049698 318.2632819034686 1.0531877279281616 0.6516516804695129 1.6936720609664917 6.2684526 1.6368176 8.508858 -1.7007125924017767 
1 1 Pedestrian -1 -1 -10 1131.0554855714258 166.7180098088983 1237.259821624431 320.35458246930426 0.8057081080824573 0.5440769832804899 1.642767362113533 6.370641 1.5775158 8.108827 -1.2108803631002472 
2 2 Pedestrian -1 -1 -10 761.0823398491912 142.58077582738625 930.5345740849903 374.0 1.1398794651031494 0.6946057677268982 1.849300742149353 1.7457684 1.6290978 5.655969 -1.4719977090742926 
2 1 Pedestrian -1 -1 -10 1143.461354966968 148.82379299894393 1241.0 318.64054666802855 0.9270825746198605 0.6807720991538394 1.7488254102574095 6.4520574 1.5017128 7.845968 -1.3902369249949484 
3 3 Pedestrian -1 -1 -10 182.8721077751837 170.44321073170266 201.89200553764132 207.3948491121124 0.5411199331283569 0.7577382326126099 1.987282633781433 -22.731094 1.8579866 39.216423 -4.5653944770481925 
3 4 Pedestrian -1 -1 -10 1158.6101612715713 150.6606534006897 1241.0 325.6746419255857 0.8087735772132874 0.7684505581855774 1.7212612628936768 6.3505735 1.5033478 7.5885396 -2.8610235015538077 
3 2 Pedestrian -1 -1 -10 780.3219036150291 142.51961317202753 921.3741162829218 374.0 0.9533972141458098 0.768445744754287 1.7711600744489795 1.783798 1.5536293 5.646872 -1.3819294419065566 
3 1 Pedestrian -1 -1 -10 1220.3786062859158 139.50186064948554 1241.0 336.93939750278753 0.9950248598288992 0.6222620011033132 1.7756266593632393 6.585234 1.4760368 7.00853 -1.0323704886970404 
4 2 Pedestrian -1 -1 -10 780.7364016734512 136.73605502978822 931.4557592593882 374.0 0.9992141927173491 0.7046869580736822 1.8366840856143956 1.8279482 1.5749246 5.6493225 -1.4373587524995386 
5 2 Pedestrian -1 -1 -10 780.7378175406186 137.09749500660374 938.8157932004561 374.0 0.919527771023991 0.7258920068359175 1.8702183953723654 1.8746634 1.6140957 5.646727 -1.8450502515156382 
6 2 Pedestrian -1 -1 -10 782.0288558864954 141.02359040420941 942.4701742400144 374.0 0.9626798033596231 0.7522597312855549 1.834370970735763 1.8904507 1.6031096 5.6698 -1.6704606945779985 
7 2 Pedestrian -1 -1 -10 782.4340617667999 145.4222630946852 944.0951707955998 374.0 0.964401245117127 0.745874345302576 1.81775963306436 1.9073225 1.6186701 5.6857586 -1.724662975468741 
8 2 Pedestrian -1 -1 -10 767.7614555309237 155.15076164424363 955.3845448270976 374.0 1.2311546802521218 0.6816962957382243 1.7881115674972223 1.9131002 1.6587793 5.7294292 -1.7522544423725934 
15 5 Pedestrian -1 -1 -10 723.4269110807546 165.45809993556523 954.8755650019175 374.0 1.779878536271281 0.8136827828161723 1.7233287199499574 1.9259635 1.6656629 6.3047137 -1.864033089970095 
16 5 Pedestrian -1 -1 -10 761.2328459937639 156.32011777168867 913.4190601106174 374.0 1.0855289055649253 0.7436008088706363 1.829211730065609 1.9274672 1.6989912 6.300501 -2.136519484293373 
17 5 Pedestrian -1 -1 -10 767.3859663755642 168.1335508156836 916.3117126931737 374.0 1.0518566410266472 0.6795335488619624 1.734280597591897 1.9719067 1.6959622 6.3709593 -1.8268596463052806 
18 5 Pedestrian -1 -1 -10 736.3287976719304 175.16871462480844 908.1421899920566 374.0 1.3444284195938034 0.6820018887479952 1.7023310661832836 1.8592482 1.7254092 6.5647044 -1.8532413700776695 
19 5 Pedestrian -1 -1 -10 734.5236822757205 175.83507916225363 903.0682144733347 374.0 1.3997375965106351 0.5847899913809053 1.7957328557947745 1.8296808 1.824973 6.649467 -1.504055724547663 
24 6 Pedestrian -1 -1 -10 721.8587826662231 168.61884254052183 752.5837345360808 241.60410947356587 0.5146029557825885 0.6411233939525203 1.7480195328057644 3.0402029 1.646944 17.54799 -3.1808582026849805 
26 7 Pedestrian -1 -1 -10 756.6676186113905 164.54082620116014 792.7774272859356 243.05973167836686 0.6049749255180359 0.6899756789207458 1.765000820159912 3.714716 1.5784895 16.52015 -3.1381176273014884 
26 8 Pedestrian -1 -1 -10 752.1272939993138 164.91027727700978 784.2436163738918 241.55715607741445 0.5008660468464146 0.6295514371044544 1.764883319254638 3.6446483 1.5823277 16.872084 -3.1742791512703796 
26 5 Pedestrian -1 -1 -10 677.0535482690732 170.43550725091538 832.1226351158011 358.4313332482627 1.3701553344726662 0.7048428654670433 1.7351452112197305 1.3922058 1.7131811 7.2504616 -1.9753592173245003 
27 7 Pedestrian -1 -1 -10 742.5523873650635 159.8110833170039 782.5704294041882 237.50558687974552 0.8836156845571124 0.6169702907154797 1.7289256146027954 3.4645667 1.4390411 16.592266 -2.553203035076812 
27 5 Pedestrian -1 -1 -10 679.204227681779 166.24023075526534 792.436588738637 351.83766096061316 1.1221431493758525 0.6205283999443236 1.7238490581512385 1.2373346 1.6627775 7.320978 -2.3914995948460414 
28 5 Pedestrian -1 -1 -10 674.7341796146281 157.71577285525328 798.0128179068125 349.64645949569535 1.031355977058433 0.7322190999985124 1.7990487813949902 1.2361511 1.6575096 7.362939 -2.214854256310735 
29 5 Pedestrian -1 -1 -10 642.2133684876611 162.29204353461003 786.0164434713834 348.02788892714966 1.404103517532324 0.7188535332679945 1.7522188425064518 1.0464263 1.652936 7.5232897 -2.2451243559506278 
30 5 Pedestrian -1 -1 -10 631.9211341620388 164.832044705783 784.4951875663464 350.03302241959307 1.5675091743470029 0.7028197646140603 1.7441962957382156 0.99750656 1.6690046 7.5596046 -2.2532359520581107 
33 5 Pedestrian -1 -1 -10 619.3059005427174 164.88751681559935 749.1931072364068 342.8121196479855 1.2090609073639225 0.6715894341468703 1.749831795692454 0.73546726 1.6718419 7.6804047 -2.077713028588567 
34 9 Pedestrian -1 -1 -10 675.709456438294 167.270187851525 698.1803643776427 207.32448686699783 0.9585222601890564 0.5453829169273376 1.7874253988265991 3.4534788 1.5386052 32.731766 0.7554251392695566 
34 5 Pedestrian -1 -1 -10 600.7531936121214 162.28699399764034 734.5476840273801 336.14753850692466 1.2608731985092085 0.7164605855941386 1.7433705329894271 0.56845725 1.6377687 7.8382854 -2.0432410995152335 
35 5 Pedestrian -1 -1 -10 606.4822545652073 158.94541750420652 720.0474369528636 330.9022812763767 1.0269511938095255 0.6888853311538718 1.7459217309951807 0.51782554 1.6050622 7.8545594 -2.0139662186291556 
36 5 Pedestrian -1 -1 -10 595.0565253359846 155.83135177418006 710.8013468922247 329.7205755834369 1.0423675775528347 0.7208666205406186 1.7691262960433956 0.41043353 1.596298 7.9057035 -2.0758818546917777 
37 5 Pedestrian -1 -1 -10 593.4713136347498 156.99590834677454 705.2387466775914 328.29570488715603 1.0102078914642956 0.759850323200201 1.7553699016571007 0.36234996 1.5932243 7.9179835 -1.9115237156536917 
39 5 Pedestrian -1 -1 -10 593.2622717021338 156.5020942694693 692.0941890143712 327.2055876483663 0.9653309583664129 0.8351077437400942 1.7642617225647363 0.27923378 1.5956187 7.9233456 -1.6826624209668974 
40 5 Pedestrian -1 -1 -10 582.3115143477339 158.29997436058875 692.3368687604593 329.03117337447617 1.0369832515716715 0.7763733267784557 1.754938244819687 0.22482353 1.605696 7.910018 -1.8006561557438712 
41 5 Pedestrian -1 -1 -10 571.1642789114597 157.33348088906868 695.218273447874 332.1919223366446 1.1670449972152748 0.7468693256378174 1.7888363599777197 0.18761757 1.6304163 7.9332147 -1.9294251660492758 
43 10 Pedestrian -1 -1 -10 1181.3315638177849 149.9979857252229 1241.0 296.5264408159473 0.4904386103153229 0.6280705332756042 1.650818109512329 7.12589 1.3936757 8.444227 -2.8804322044041495 
45 5 Pedestrian -1 -1 -10 586.3284707565609 163.79218267128115 686.1810214658667 332.71012159103714 1.037703871727043 0.7540997862816106 1.7526676654815272 0.21262068 1.6590015 7.868117 -1.584829343543623 
46 5 Pedestrian -1 -1 -10 591.797572770125 161.52904629245654 689.6735201181418 331.23171326134684 0.9945567846298167 0.7803594470024128 1.7448221445082743 0.25374514 1.6287409 7.829405 -1.6187280128386359 
48 5 Pedestrian -1 -1 -10 590.8474319364442 164.12275106782587 694.0845140628442 337.06481283502154 1.0512626171112007 0.8457723855972344 1.758763194084178 0.32216534 1.6703272 7.82226 -1.4413326839592795 
49 5 Pedestrian -1 -1 -10 588.6500504290535 164.9504311426794 716.7683464270054 334.95497699997935 1.307338118553108 0.7579579353332963 1.7452640533446486 0.3776675 1.664484 7.819972 -1.6275116401400904 
50 11 Pedestrian -1 -1 -10 665.4955792838286 162.93306101889536 702.9879306651204 241.3996741235858 1.0417582988739014 0.7198075652122498 1.805297613143921 1.7018102 1.5774024 17.141743 -3.20894713799027 
50 10 Pedestrian -1 -1 -10 1101.9274009755275 141.97496132089597 1158.1933776106864 277.59457708309543 0.3238443118994951 0.6158811768401212 1.788463289868609 7.0149007 1.3816085 9.821223 -1.5654681627836673 
50 5 Pedestrian -1 -1 -10 606.4801951823338 163.02547803283437 716.5189499472327 335.47202006841957 1.0298329591751116 0.7889661788940325 1.7524989843369407 0.47907782 1.6529739 7.8048244 -1.7384981820967536 
53 5 Pedestrian -1 -1 -10 641.3884859604191 158.75568809331756 747.3926094804458 337.41781946962334 1.0794992446899476 0.7541610598564307 1.8167400360106607 0.84835494 1.6737381 7.7702847 -1.4568249146130423 
54 5 Pedestrian -1 -1 -10 648.0222543419623 162.90413563641482 756.6010902278791 335.02628895743345 1.0517274141311264 0.6667320728301647 1.7178149223328594 0.9389426 1.6188711 7.6675453 -1.2823205451157431 
55 5 Pedestrian -1 -1 -10 659.1764319665949 158.07970591174652 776.332093816416 333.3018095414547 1.1632463932036863 0.6850470304489025 1.8109064102172854 1.082033 1.6585732 7.797428 -1.5718556646632518 
56 5 Pedestrian -1 -1 -10 679.5812764650155 160.42332260711933 782.8037620707282 339.4099678110664 0.9513490796089819 0.8311271071433861 1.7808299064636184 1.25996 1.6575086 7.731751 -1.2139477590706687 
58 5 Pedestrian -1 -1 -10 722.4515374593317 164.15465468180108 811.5033653679799 336.27635079228145 0.8812803030014033 0.7039644718169787 1.7200782299041442 1.6065401 1.6335002 7.648711 -1.347408221164022 
59 5 Pedestrian -1 -1 -10 733.0208963320362 164.09839068033827 838.1600787834709 332.00621459444903 1.04008567333219 0.6896923780441461 1.6851625442503784 1.7802302 1.5976471 7.6666265 -1.400813297429357 
