1 1 Car -1 -1 -10 219.31803265995958 163.48477474492597 478.0426205785658 284.51311429621035 4.405040740966797 1.672806978225708 1.8577919006347656 -4.646278 1.7143316 13.37908 0.5689103007316589 
2 1 Car -1 -1 -10 229.72480263317405 159.8729820466594 475.07895511356185 279.78642962142146 4.177750059628136 1.670254596857588 1.8812174975753901 -4.6599965 1.6779275 13.523905 0.5751480313695927 
3 1 Car -1 -1 -10 223.00892994146156 153.36449500214556 474.4402815655099 270.6330675217759 4.282766105732635 1.6975125607215271 1.8640817375558179 -4.7968554 1.5546377 13.701663 0.6218318152639147 
4 1 Car -1 -1 -10 224.34447147622657 155.58859892535764 471.78774958232367 272.8311612271947 4.324905392285558 1.6952588559920294 1.8926312901598612 -4.8756557 1.614276 13.914458 0.5878692891343321 
5 1 Car -1 -1 -10 221.8403633980145 157.19589940529295 474.99959896336816 270.86780273905237 4.58787059761314 1.7241139411678208 1.8681087494108017 -4.962803 1.611138 14.247638 0.577642738827923 
13 5 Car -1 -1 -10 450.47598181975115 170.7117151769095 492.5773219331716 209.44839904081397 4.372559547424316 1.6633967161178589 1.9237123727798462 -7.414871 1.8176816 38.16576 2.829537868499756 
14 7 Car -1 -1 -10 140.72601431679033 183.71076470248357 223.12164606363754 217.78091474442718 3.5961925983428955 1.7533807754516602 1.5441508293151855 -21.152536 2.110554 35.752014 -3.058755874633789 
17 13 Car -1 -1 -10 230.3166336157491 164.82755087925034 437.5238893249338 262.22774302433726 3.9797444343566895 1.68068265914917 1.854007363319397 -5.9498105 1.7015822 15.837071 0.6250173449516296 
18 16 Car -1 -1 -10 179.99762146100275 190.25576704821916 256.01920859580764 222.81177928982345 3.8763861656188965 1.6524181365966797 1.4438817501068115 -19.51262 2.3603072 36.031246 0.01373673602938652 
19 13 Car -1 -1 -10 236.97708176997284 176.9306615011102 437.5011847648208 271.0458336820397 3.931339826398292 1.675277238017182 1.7991486013866482 -5.9649477 1.9021583 16.068995 0.596286259253945 
20 19 Car -1 -1 -10 499.17138755156583 184.90017059924622 555.8899843873157 223.38223645551594 4.047931671142578 1.54598867893219 1.736073613166809 -4.2173724 2.3744736 36.05694 2.6856584548950195 
21 19 Car -1 -1 -10 510.90789921270107 183.44595799785122 552.7880219500851 224.3567437133515 4.187844391940318 1.6802872910038742 1.85445423920411 -4.000074 2.417035 36.07539 2.936288623784592 
22 19 Car -1 -1 -10 513.4623785708744 183.0089329732428 576.7268339587929 221.8986379802979 4.043346536680182 1.6224967767811298 1.750767802292531 -3.316112 2.2850082 35.769943 2.6344945796187837 
23 13 Car -1 -1 -10 229.7591317363634 172.5558114555148 445.5275384299448 266.66112087278077 4.6824169158937305 1.766151666641256 1.87462413311007 -6.1676545 1.8690419 16.845837 0.5077772140502931 
24 19 Car -1 -1 -10 529.486770858565 176.9891685224633 596.6737780355437 218.4639131053415 4.3748431177427864 1.653760075302053 1.856627582599249 -2.3930414 2.071386 35.08403 2.6673107144413057 
25 13 Car -1 -1 -10 239.35407188399682 172.68806647189646 447.632515252765 265.1348576198016 4.625820636749097 1.7688621282577655 1.8744937181472847 -6.1259975 1.871487 17.085016 0.488241583108902 
26 24 Car -1 -1 -10 129.14023973100186 189.33164374839728 225.39912113227373 231.0724774219753 3.541240692138672 1.6238540410995483 1.471388816833496 -17.105755 2.1669035 28.643002 0.030295593664050102 
27 13 Car -1 -1 -10 268.84507023434367 166.46076784957543 444.5813550404805 252.91272250752598 3.7348799705504487 1.6552267074585059 1.8067816495896336 -5.9115067 1.6735257 17.103632 0.541784942150116 
28 26 Car -1 -1 -10 258.5947067138381 167.61747789441182 440.7583803331737 252.16561015983598 3.8422861099243164 1.6695894002914429 1.7737690210342407 -6.1115327 1.6642678 17.194944 0.5914356708526611 
29 26 Car -1 -1 -10 278.57489092943916 172.28039209913885 446.83789304664293 252.17448329208867 3.562342320197922 1.6648321606323506 1.692622609388648 -5.8314342 1.6808281 17.237661 0.5479637530725577 
30 27 Car -1 -1 -10 319.70004234702935 169.73609856854875 458.6331760710572 253.21815215440503 4.275425910949707 1.722455382347107 1.8244539499282837 -5.362601 1.7566718 17.993225 0.12289512157440186 
31 28 Car -1 -1 -10 19.950477104133963 190.41214136536672 139.04064078618416 232.01139690443713 3.614356756210327 1.5847886800765991 1.5711027383804321 -21.148434 2.2923782 28.78781 1.5944851636886597 
32 13 Car -1 -1 -10 316.2866221644444 164.8648361670642 474.0924198950927 251.76093516614768 4.55476665496822 1.7165337800979399 1.9369534254073881 -5.34413 1.7592292 18.50519 0.27338793873786926 
33 13 Car -1 -1 -10 333.98570251370666 166.3289130886229 478.5597667771998 251.57048249533426 4.578946113586212 1.6684436798096127 1.904416084289581 -5.0720277 1.7589943 18.526657 0.1990906298160553 
34 13 Car -1 -1 -10 345.81058456664454 166.6310227711745 484.5670690135336 249.22906056488577 4.761183261871086 1.7567205429077288 1.8645193576812293 -4.9006963 1.7244034 18.76486 0.14031711220741272 
35 13 Car -1 -1 -10 357.3844652914737 162.3628958408909 484.9515835920194 249.18257211087914 4.7305574417115075 1.8721263408661 1.9953256845474767 -4.8171377 1.7545726 18.997719 0.06080092862248421 
36 13 Car -1 -1 -10 368.16424884890887 159.8602890888458 497.6641327669439 242.2973421850207 4.826117038726554 1.8535908460617212 1.8905858993529134 -4.5115695 1.59295 19.031439 0.09009967744350433 
37 13 Car -1 -1 -10 392.0060351865482 160.8823413707164 501.8446985747686 243.24794976532723 4.6664571762085885 1.8768628835679098 1.902052998542686 -4.165006 1.6259516 19.00063 -0.00841727573424575 
38 13 Car -1 -1 -10 415.6742199246519 166.56320665524512 510.3689189306752 246.17576542037057 4.449817657470706 1.713467478752155 1.865729928016582 -3.8026862 1.7186623 19.152195 -0.024984490126371384 
39 32 Car -1 -1 -10 669.3542681084 163.04531345448504 762.2398331612376 212.88693411002677 4.031247615814209 1.5862481594085693 1.9022043943405151 4.2242107 1.5282139 29.671665 2.602571964263916 
40 13 Car -1 -1 -10 458.38993027505046 165.43711989864195 532.5030578768079 242.50685738205402 4.481699466705219 1.7407935857773582 1.8201408386230964 -3.0507748 1.6453357 19.370802 -0.1271504610776901 
41 38 Car -1 -1 -10 0.0 197.55141839945728 48.69373746534131 240.95870078384564 4.938079833984375 1.857918381690979 1.4727078676223755 -25.795927 2.5354424 28.945002 1.0163335800170898 
42 37 Car -1 -1 -10 446.5567396832313 183.90462402093218 495.6131013237267 222.64606192486355 3.8109415649330414 1.489160864840408 1.5662976919695555 -6.169674 2.0887117 32.171974 3.1322515533168054 
43 13 Car -1 -1 -10 509.84887371656333 169.01371142585404 595.6070044563883 247.54941839539953 4.754522323608395 1.7582856416703228 1.863270759582619 -1.7334849 1.7725172 19.620718 -0.20089247822761536 
44 34 Car -1 -1 -10 735.7061222102851 167.58816808464903 854.7197949439064 221.35521186169072 4.277114817456344 1.6882533705216896 1.856957786792367 6.8227434 1.675449 27.15604 2.5363824898249163 
45 13 Car -1 -1 -10 534.2582520387202 165.99910943850387 636.5785835339859 246.81967995871267 4.215109825134298 1.683899164199791 1.8912024497986386 -0.8261091 1.7311558 19.14238 -0.2941323220729828 
46 34 Car -1 -1 -10 763.3626817318647 163.3686339061282 901.7791887380689 223.74313239481666 4.427087783227598 1.7166923283419044 1.9799357647859124 7.8304358 1.6692282 25.804249 2.3284292229193753 
47 49 Car -1 -1 -10 446.9155800864415 183.81562111367728 503.71747016800094 224.43169604222373 4.010622978210449 1.6356889009475708 1.5294095277786255 -5.610346 2.0199044 30.254704 -3.1415657997131348 
48 50 Car -1 -1 -10 405.4345217660868 185.5428098266067 515.0309821917817 224.4601822940079 4.107107480598116 1.590757477191509 1.439186543284765 -6.155312 1.9914267 29.60758 -2.136328343859172 
49 34 Car -1 -1 -10 819.8340657852352 160.3598509896108 962.0765538229966 221.40959035182038 4.100292682647192 1.6148042678832255 1.8616720438002843 9.197866 1.4810289 23.888985 2.2255613803864844 
50 50 Car -1 -1 -10 432.16530651078955 183.4322552236645 537.6666822581429 223.21505279019263 3.86949068853988 1.5587039497597648 1.426054904794991 -4.9669595 1.8737185 28.67261 -2.263364321883973 
51 53 Car -1 -1 -10 853.7983615140881 163.18631043193213 997.050228247908 223.76382512713778 3.833349122082528 1.646072009326597 1.7484036401652256 9.803595 1.4697301 22.647415 2.2304183580867267 
52 53 Car -1 -1 -10 871.7468618460248 155.79921159050883 1027.1498275332724 224.40779127790108 3.9534484859963976 1.654847976036939 1.8993516556930992 10.192711 1.4275668 21.939077 2.3369893601642397 
53 50 Car -1 -1 -10 521.4772910051848 178.51281432177862 573.6215168652612 222.50822973325285 4.019757734753988 1.6434469150294408 1.5585561877023113 -2.4023879 1.7951155 28.095943 -3.1308030337702073 
54 53 Car -1 -1 -10 918.1326619350908 154.9856661085894 1083.9916817207675 225.89923474914542 4.04722404451674 1.6339247227346694 1.8560203315136465 11.095502 1.3887104 20.662472 2.1412785059165733 
55 13 Car -1 -1 -10 718.9995290527401 159.291134346742 900.5074572926463 243.84982152113807 4.521334648132267 1.7360017299652337 1.921456098556437 4.9681134 1.6136203 18.75839 -0.582447350025177 
56 53 Car -1 -1 -10 961.6524629531227 155.69704982543894 1140.4403785772079 226.83686550940908 3.964312553411061 1.5965088605904554 1.7489874363013374 11.698989 1.327538 19.437689 2.108867645265732 
57 59 Car -1 -1 -10 908.3442908658651 176.6717963170758 1024.0656234104463 217.984308973765 3.7179183959960938 1.7064604759216309 1.4841920137405396 13.850123 1.6450758 28.314194 2.5578808784484863 
58 53 Car -1 -1 -10 991.8704250056923 154.76008622896504 1199.2381721171296 233.52936777291504 4.219182968139661 1.7174551486968925 1.8122568130492556 12.116832 1.3963252 18.40202 2.098528861999512 
59 64 Car -1 -1 -10 658.1111137829123 180.0111831251455 696.2350502595804 204.49547996095956 4.674345970153809 1.758628249168396 1.5186835527420044 4.431183 2.0245733 48.55902 3.057917833328247 
60 13 Car -1 -1 -10 816.4385317131873 152.688670190789 1035.4916809871477 242.68719451503216 4.747156620025739 1.7702937126159999 1.9916306734084137 7.7845197 1.545738 18.201412 -0.8455554246902466 
61 13 Car -1 -1 -10 845.5165546726987 154.43262586232103 1060.8545365266295 240.81325765239234 4.588863849639787 1.7128376960754084 1.9103869199752792 8.435324 1.5033392 18.101152 -0.8596391677856445 
62 53 Car -1 -1 -10 1066.8551190923283 151.90523302995746 1241.0 237.70653186753643 3.764777421951216 1.638064146041827 1.767457127571087 12.629818 1.3362825 16.242199 1.8987336158752441 
63 70 Car -1 -1 -10 1077.231195128803 148.44155010462404 1241.0 241.60519745379003 3.919372797012329 1.7367985248565674 1.8495506048202515 12.701581 1.3652552 15.825632 1.9313342571258545 
64 70 Car -1 -1 -10 1090.6727606482934 153.83978750354348 1241.0 249.11781008842814 3.8723299452850677 1.611841896165929 1.813310216617624 12.588914 1.4517938 15.475317 2.1599675470755746 
65 70 Car -1 -1 -10 1097.353233133404 152.04690149826595 1241.0 248.34172662730236 3.8920426003104254 1.6900261382562636 1.8002197985250101 12.620079 1.4115915 15.277275 2.1661519889569893 
66 74 Car -1 -1 -10 655.3537150780181 177.92672846280323 708.2325585857229 207.0052967533356 4.642155170440674 1.6757738590240479 1.6663621664047241 4.471756 1.9978359 44.647034 -2.667804479598999 
67 75 Car -1 -1 -10 1090.96529238011 164.0295821453473 1241.0 260.420825727959 4.425190448760986 1.6889735460281372 1.7072784900665283 12.588183 1.5513386 14.8352995 -0.8820890784263611 
68 53 Car -1 -1 -10 1108.5739263995786 158.72977609355775 1241.0 263.4848875784787 4.015624523163098 1.606000900268519 1.8168975114822787 12.285502 1.5722815 14.24183 2.1177213191986084 
69 78 Car -1 -1 -10 645.3305794427384 183.36426756435324 697.2540327965208 210.45861971671172 3.9427993297576904 1.5703874826431274 1.4983515739440918 3.71918 2.164701 43.62181 -2.606640577316284 
70 85 Car -1 -1 -10 1035.8495198196208 196.0163212537463 1241.0 374.0 3.3678622245788574 1.4714257717132568 1.472473382949829 4.6457453 1.6711545 4.3573403 -0.558400571346283 
71 87 Car -1 -1 -10 686.8846051442233 179.09286400962125 788.5689385822517 215.23192239500835 4.161387920379639 1.6620688438415527 1.463483214378357 5.5542393 1.7568368 31.893183 -0.8577369451522827 
72 79 Car -1 -1 -10 625.5099426151227 183.3613241716162 685.7178188189873 211.37951368834632 4.063796535836732 1.5200338796452368 1.4963996450835706 2.6803474 2.1411579 42.17008 -2.492607819763084 
73 79 Car -1 -1 -10 614.4669939020259 180.87775885380321 675.1897924740247 210.21625279846398 4.2062640069269985 1.7003406133286254 1.5481538728680413 2.027919 2.0353572 41.536987 -2.598664513174301 
74 92 Car -1 -1 -10 923.3977344192596 178.76597223418162 1018.560480423634 213.84959111341038 4.439054012298584 1.7568695545196533 1.533220887184143 17.171677 1.8368284 34.66388 -0.1868056058883667 
75 53 Car -1 -1 -10 1111.2508497098845 152.0102230423279 1241.0 278.90377321945965 3.9568228721619008 1.6686648130416588 1.830397248268116 11.03596 1.5300906 12.342009 2.2961854934692383 
76 76 Car -1 -1 -10 391.7811738477199 181.4875541050344 560.184842176868 249.2478678304553 3.8887610434893074 1.5972793101808174 1.47817027563793 -3.331467 1.7177728 18.105 0.8461797835957183 
77 99 Car -1 -1 -10 1114.175125227789 163.16351517087656 1241.0 287.37205024508233 3.6063575744628906 1.6174758672714233 1.73603093624115 10.4373 1.6009474 11.812829 2.2163162231445312 
78 106 Car -1 -1 -10 328.2455887838815 181.9781063201089 526.2665909809438 253.60108793308763 4.209321022033691 1.647678017616272 1.458524227142334 -4.2837343 1.6945143 16.883495 1.059963583946228 
79 109 Car -1 -1 -10 986.9929151794455 184.9547343550612 1106.2959366801463 225.95933870592665 3.9393885135650635 1.6797758340835571 1.526684284210205 18.149578 2.0694177 30.223604 -0.5622598528862 
80 112 Car -1 -1 -10 526.0218391816559 186.08754344699426 602.1927749349941 217.58424611000927 3.794349431991577 1.5668338537216187 1.4947047233581543 -2.3951662 2.2188053 37.620457 -2.2883522510528564 
81 117 Car -1 -1 -10 458.2815846018381 187.60803181613878 498.9631540994402 210.57433651659517 3.873675584793091 1.577027678489685 1.6069605350494385 -10.034019 2.778926 55.220745 0.2558342516422272 
82 119 Car -1 -1 -10 444.2001939318303 187.21951504782064 484.54995975612184 210.08634305048952 4.074350696859266 1.762822281649835 1.5869147400617696 -11.053564 2.7229009 54.897427 0.13810487790520654 
83 123 Car -1 -1 -10 414.6056265411417 190.49062998244577 465.55475217990823 211.4650800397772 3.587522029876709 1.6367690563201904 1.4572049379348755 -12.666286 2.8004053 53.62868 -1.86680006980896 
84 122 Car -1 -1 -10 406.1918194867373 187.65523767731713 447.7294461401751 211.5062469599577 3.8582277472735553 1.618123305370793 1.6140590318363488 -13.514872 2.7508202 53.36824 0.1472617964971903 
85 128 Car -1 -1 -10 1013.395219656466 186.5824787896215 1106.2052230085671 220.38930935298833 3.630380630493164 1.6849148273468018 1.4898959398269653 21.934725 2.2015731 35.39603 2.8279316425323486 
86 132 Car -1 -1 -10 336.74587059860664 187.81097411232602 406.4933769520036 212.75445443142425 4.590816974639893 1.7917002439498901 1.6164984703063965 -17.143917 2.7442 51.998352 0.6293081641197205 
87 126 Car -1 -1 -10 978.2527355864685 186.74788533315424 1071.1895392969636 220.26526164510432 3.728601039470916 1.5402176723082444 1.510757267444949 20.58676 2.240253 35.97421 2.391083292924422 
88 139 Car -1 -1 -10 954.3603063102265 186.43284201399456 1034.0733532437682 221.36462995324277 3.9080111980438232 1.6499820947647095 1.568168044090271 19.015236 2.2835062 35.972733 3.0575361251831055 
89 140 Car -1 -1 -10 936.1817764002836 186.19847211272418 983.6599648752878 219.3130327831376 4.494146652982424 1.711333340995601 1.4652881215295974 17.47265 2.1808987 36.26675 -2.7884854253678557 
90 141 Car -1 -1 -10 1004.8205862739188 175.46084056869861 1157.6341743997905 229.746232129137 3.851142316874365 1.649028366936081 1.6896200776024293 15.234947 1.7787333 23.557545 -1.4744191089777636 
91 141 Car -1 -1 -10 1000.11757489216 176.39801011865532 1161.4097408980317 229.5988120698948 4.467677724704337 1.6761033190390402 1.6661346975588505 15.479946 1.7893932 23.882376 -1.708460279527384 
92 99 Car -1 -1 -10 955.0913136034696 151.903294789127 1241.0 353.1662587198074 4.277066230773822 1.6868789196013871 1.816271424293544 6.603744 1.6275624 8.797748 2.6736459732055664 
93 151 Car -1 -1 -10 872.511231646981 185.34803710787503 945.9845892366202 220.46181169481395 3.3033881187438965 1.7781769037246704 1.5742204189300537 14.581215 2.2191527 35.42341 2.9360451698303223 
94 155 Car -1 -1 -10 107.82951251422132 188.26671577521094 196.94311816043054 215.9640619410884 4.192349910736084 1.6397135257720947 1.5499519109725952 -27.291275 2.498616 43.10128 1.3330833911895752 
95 156 Car -1 -1 -10 922.4140083603473 172.84655929654218 1065.91264112315 224.8682850550047 4.492180347442627 1.7083086967468262 1.786409854888916 14.258034 1.7865121 27.121618 -0.5797750949859619 
96 158 Car -1 -1 -10 57.33580031678423 182.95406369155396 138.19689514328851 212.9508013338458 3.4140450954437256 1.5824421644210815 1.611328363418579 -28.980812 2.2015173 40.87053 1.2684335708618164 
97 160 Car -1 -1 -10 11.546551085060969 182.97439560072354 104.88375139605415 213.2340068735601 3.751694917678833 1.5874645709991455 1.5723869800567627 -30.253227 2.1463706 39.61892 1.2945739030838013 
98 163 Car -1 -1 -10 885.0470650742859 177.87683171719468 984.6446127521706 226.0029584034365 3.5107364654541016 1.660813331604004 1.7560315132141113 12.763731 1.9693174 28.656054 -0.3251572549343109 
99 167 Car -1 -1 -10 946.8925566540289 183.56437204845514 1033.4917920911753 219.13782847658885 3.863924980163574 1.6892694234848022 1.5521148443222046 18.170979 2.098805 34.75673 -0.16784319281578064 
100 168 Car -1 -1 -10 920.7892917785197 186.0071248894722 1016.0990269392952 218.9688039066335 4.103727965717629 1.622817328924438 1.434965770097079 17.433271 2.1204226 35.374264 -0.4091696089481013 
101 171 Car -1 -1 -10 754.0653169209821 179.4124794864863 808.6315192691535 214.88072066582973 4.162248611450195 1.6859662532806396 1.763556718826294 9.101968 2.136009 38.798447 3.0713396072387695 
102 173 Car -1 -1 -10 628.3135579485538 177.24053916176865 677.7417662816367 229.32794443525307 2.97198224067688 1.5985159873962402 1.6694536209106445 1.3877655 1.8302525 24.882458 0.02513173222541809 
103 176 Car -1 -1 -10 864.7043379020864 182.86289718886945 926.3181683250752 212.0275727413241 4.219371318817139 1.6579298973083496 1.478247880935669 15.770083 2.0653815 40.165314 -0.028437016531825066 
104 178 Car -1 -1 -10 694.1727755721979 181.74617241416087 753.850675841183 219.8576109202486 3.956047296524048 1.641343593597412 1.577431321144104 5.081244 2.008651 32.892315 3.0139870643615723 
105 181 Car -1 -1 -10 693.1629611119604 178.03812144014728 738.5995997669661 213.3028556802692 4.294075012207031 1.6370126008987427 1.7043931484222412 5.425166 1.9910275 37.67462 3.1160290241241455 
106 183 Car -1 -1 -10 906.1304233556867 186.2645552842478 1051.3869424355273 239.71728628760553 3.88478946685791 1.651015043258667 1.4694104194641113 11.332467 1.9167631 22.36244 -1.04822838306427 
107 180 Car -1 -1 -10 880.5088981964859 185.85910203746286 1025.6892116155404 241.21893179472627 3.7129462494629886 1.6372355176407967 1.4963359705633323 10.482109 1.9330741 22.301836 -0.7647960347481295 
108 189 Car -1 -1 -10 976.8396241582842 47.96816215733503 1241.0 374.0 4.384410381317139 1.7615128755569458 2.0212466716766357 4.0115676 1.7013 4.046804 3.133842706680298 
109 188 Car -1 -1 -10 827.945962590897 188.08228458558483 910.5650390969607 232.66144377345063 3.669214104705405 1.492685205278618 1.4166392728959847 9.22568 2.0070488 26.080708 -0.05683057619049968 
110 195 Car -1 -1 -10 37.901454075685834 180.31832402506754 284.39914091065987 261.83283875009073 3.7335917949676514 1.5365549325942993 1.4477086067199707 -8.475223 1.5987015 13.7583685 -1.58784818649292 
111 195 Car -1 -1 -10 34.44474716119416 184.19033590235526 280.0385068696638 269.9602471289603 3.4608493875908306 1.5699027807724364 1.434027010315036 -8.117653 1.6522328 13.067112 -1.577060572208354 
112 197 Car -1 -1 -10 720.677425004641 179.90850593802398 763.096738627884 209.80309885550383 4.4171624183654785 1.6346346139907837 1.648463249206543 7.773408 2.09161 43.06044 -0.021256713196635246 
113 197 Car -1 -1 -10 706.1355361388507 181.3081598452542 743.1166539474876 208.87599986788155 3.83243913367272 1.567767469023747 1.5002348274980317 6.646361 2.019393 42.357418 0.0021895939779542524 
114 195 Car -1 -1 -10 0.0 177.15757099033164 216.1435940811566 289.96418137143473 3.8140170581916033 1.534260034712007 1.502660632248987 -8.170177 1.5715456 10.58208 -1.6439423559537905 
115 197 Car -1 -1 -10 684.1587303432825 180.71582450276074 720.1711860096242 210.043969991064 4.059003653493929 1.6236515817931947 1.5553149780856053 5.203387 2.0291195 41.403526 0.0201416410673336 
116 197 Car -1 -1 -10 672.1080113330019 180.8595424310274 704.7865568363811 210.208846270993 3.8054616694772134 1.581135157853927 1.53923344766575 4.360324 2.0140395 40.826126 0.0403208340695239 
117 199 Car -1 -1 -10 665.3174359806371 182.16447671488632 698.2401701757145 211.2512474787297 3.641850233078003 1.5860099792480469 1.4982801675796509 3.9211946 2.0411236 40.192287 0.033141352236270905 
118 197 Car -1 -1 -10 647.7325727758504 181.8144986580555 678.4186275217585 212.13170216965216 3.8915050029736076 1.6005451679229703 1.5338138341897258 2.8680294 2.0516949 39.67555 0.0669032782314477 
119 202 Car -1 -1 -10 0.0 184.74962307593913 133.11372349001644 355.06430215398126 4.4072747230529785 1.6048369407653809 1.517233967781067 -7.7589827 1.6559352 7.470886 -1.6236356496810913 
120 197 Car -1 -1 -10 618.5672065801214 182.42898806667353 653.7588284530124 212.40458705572522 3.940065383911247 1.594052791595438 1.4641345739364993 1.4088229 2.0038273 38.59352 0.11090444028377532 
121 197 Car -1 -1 -10 605.3405773707876 183.47596593487015 642.0722544619686 213.79683533331783 3.8026533126828634 1.5551928281783205 1.4537819623946315 0.7301721 2.0421975 37.962017 0.12105578184127808 
122 204 Car -1 -1 -10 410.048666644976 174.21893330407372 485.73447739858926 223.77242294587217 4.27383279800415 1.6958281993865967 1.7433712482452393 -6.1560035 1.8002567 27.690935 -3.0754637718200684 
123 205 Car -1 -1 -10 677.4787598724031 187.64407509376701 742.8193931177086 249.82214066862755 3.6603968143463135 1.57416832447052 1.4213029146194458 2.6832452 1.8579519 19.34655 0.1663943976163864 
124 197 Car -1 -1 -10 560.0291395305699 182.5944016214625 604.7690800062138 215.38138809832213 3.5498850345610644 1.5310695171356032 1.5053875446319838 -1.3695762 2.0188084 36.123234 0.1726972460746765 
125 193 Car -1 -1 -10 565.6149274552049 182.2559845260018 625.5120255706582 220.96025608048353 3.687385082244674 1.6391087770462724 1.4619086980820244 -0.57901305 1.8816215 30.196943 0.23252390325069427 
126 210 Car -1 -1 -10 322.9626510491743 173.44574583214356 420.75939768591525 230.8432821766938 4.040480613708496 1.6576474905014038 1.8006682395935059 -8.093088 1.8230699 24.776377 -3.030229091644287 
127 212 Car -1 -1 -10 512.5612388303193 182.61928359570953 567.2349725545242 215.95959394861947 3.7447237968444824 1.5747089385986328 1.4433690309524536 -3.316746 1.9361554 34.391056 0.19832593202590942 
128 214 Car -1 -1 -10 272.6371329695454 179.33473858192622 394.14858219137506 238.2680809908852 4.085484027862549 1.6330534219741821 1.678109049797058 -8.787958 1.9063871 23.197136 -2.9094972610473633 
129 214 Car -1 -1 -10 258.97561321545663 180.25352293916893 389.4068117819769 241.3926172706085 4.32328802322711 1.7134880659254847 1.6763390546679722 -8.833623 1.9322411 22.625404 -2.937753764645206 
130 221 Car -1 -1 -10 413.08951624773687 176.54506976464904 484.2598186841707 214.40370880692686 4.611084938049316 1.7995976209640503 1.866998314857483 -8.550026 2.0769818 38.51725 0.25537967681884766 
131 221 Car -1 -1 -10 402.60553672360606 179.8527153989282 476.4147633920974 216.88195599554754 4.199506996110862 1.7531917619378408 1.805998656676368 -9.008098 2.2001631 38.322548 0.36763009478590886 
132 224 Car -1 -1 -10 445.6180210372035 187.25735155483724 526.0265565702234 228.008732208223 4.003327369689941 1.4946727752685547 1.559132695198059 -5.3326173 2.225876 31.245777 0.40546807646751404 
133 230 Car -1 -1 -10 709.3625698697494 181.73995556661504 1006.6875385456198 332.31463000864443 3.7124078273773193 1.655242919921875 1.5240980386734009 2.9552276 1.667409 9.572722 -0.41157016158103943 
134 234 Car -1 -1 -10 196.96084617888823 190.75457432787206 356.47002048417164 261.6238516781618 4.153658390045166 1.6566526889801025 1.5847177505493164 -8.842969 2.1231866 19.469736 -2.8897030353546143 
135 233 Car -1 -1 -10 274.8834065416572 192.29868759941743 367.7879910548292 232.95431025990487 3.8248763608268703 1.5430863467915859 1.438621732625094 -11.753343 2.2901912 29.535654 -2.8769211775676746 
136 238 Car -1 -1 -10 756.5586598559424 173.98064240937768 1152.5793256835298 366.4094545384618 3.5856101512908936 1.5905693769454956 1.5144069194793701 3.2556689 1.5297889 7.65891 -0.45028141140937805 
137 239 Car -1 -1 -10 417.59450962133764 175.37730287676033 482.8226072880871 210.15902635840158 3.8326008319854736 1.7653573751449585 1.7936381101608276 -8.738827 1.9398602 39.608707 0.3277170658111572 
138 227 Car -1 -1 -10 505.3552796496211 177.3895180940343 604.9403365223943 233.6607976548053 4.347255234266471 1.6113021399128609 1.5512690553207455 -1.636136 1.7081124 22.576754 0.30435535541840236 
139 244 Car -1 -1 -10 805.4941226643613 172.0883345216956 1241.0 374.0 3.388957977294922 1.6018275022506714 1.5797253847122192 3.188706 1.5760543 5.6634517 -0.3700800836086273 
140 244 Car -1 -1 -10 828.6310637941755 181.10109000806065 1241.0 374.0 3.4034049875364434 1.5758071250883376 1.503690715931102 3.1858165 1.5827837 5.0180764 -0.34387690758981593 
141 245 Car -1 -1 -10 328.13536284677485 178.91406391535435 402.9170658721222 206.09868844877562 4.042042255401611 1.4839693307876587 1.5493954420089722 -14.542921 1.9198009 42.85666 1.8102248907089233 
142 244 Car -1 -1 -10 936.5843558704076 177.0379632432058 1241.0 374.0 3.7592452538540897 1.6319050694318333 1.511233773280301 3.9188824 1.5467101 4.0065584 -0.45484624943916563 
143 248 Car -1 -1 -10 943.7938833028018 193.16558422227325 1241.0 374.0 3.568925380706787 1.519721508026123 1.4835847616195679 3.4711726 1.6250587 3.0897906 -0.5430868268013 
144 233 Car -1 -1 -10 321.6084567187443 187.05572132186813 410.4104254232018 235.68403849031083 3.3818986415864107 1.4767384529113263 1.486355543136548 -8.366528 2.0118694 24.887949 -2.973665714263916 
145 251 Car -1 -1 -10 587.196730279677 176.9317878316178 677.6446101131219 248.7669534358865 3.9922008514404297 1.5002870559692383 1.5440586805343628 0.61758876 1.657306 17.85926 0.22461988031864166 
146 253 Car -1 -1 -10 544.4368900309477 180.3020771048078 596.617178253286 223.04554818375732 4.059190273284912 1.6340702772140503 1.4756687879562378 -1.4853741 1.7830778 27.684067 0.037765972316265106 
147 258 Car -1 -1 -10 513.1777330062788 170.27756475842807 561.8045442609462 199.7200436659432 3.6556828022003174 1.7159987688064575 1.627601146697998 -4.1877646 1.4855317 41.859768 0.23020030558109283 
148 254 Car -1 -1 -10 606.3631375887352 177.0480568690912 653.7685690484244 221.47959388627834 4.094628419438029 1.6007176541558716 1.4738194143038459 0.7345358 1.6398238 26.409744 0.05041095013257528 
149 233 Car -1 -1 -10 341.4077208350355 182.15932096044065 430.6116745996535 236.52100304124738 3.29495334625247 1.5285792350769016 1.4859197139739275 -6.7751384 1.7917284 21.99043 -3.079714775085449 
150 262 Car -1 -1 -10 615.865028605378 172.33991241860338 652.8203221768837 209.56061441186964 4.31077241897583 1.6342990398406982 1.6460740566253662 1.0670445 1.6236964 34.073864 0.014269801788032055 
151 254 Car -1 -1 -10 632.2613500210439 176.8247009589066 684.7064043319325 229.17513884161397 4.156939983617603 1.6065845483600287 1.5812842835863856 1.5152446 1.7265173 24.217321 0.035957373805229634 
152 265 Car -1 -1 -10 624.7407192895549 177.5127445638035 663.2103319483629 214.0310117497665 3.709623336791992 1.5776273012161255 1.507127285003662 1.5226557 1.727636 32.17894 0.08468496054410934 
153 268 Car -1 -1 -10 451.17527603597705 177.10780188580478 525.2188983761445 206.96322956227863 4.0655927658081055 1.6922060251235962 1.7095608711242676 -7.1495366 1.9649385 42.404846 -1.5691919326782227 
0 1 Pedestrian -1 -1 -10 1092.3967208039046 167.65965200970786 1207.251242417316 321.4298597104401 1.053187608718872 0.6516516208648682 1.6936719417572021 6.2684526 1.6368177 8.508858 0.1299164891242981 
1 1 Pedestrian -1 -1 -10 1128.3082418884578 166.65665945577538 1238.641110080471 321.82907583597324 0.80570852531401 0.5440771620940466 1.642767362113383 6.370641 1.5775157 8.108827 -0.3599154272522169 
2 2 Pedestrian -1 -1 -10 773.1495264678066 141.38599927254742 920.2914635120173 374.0 1.1398794651031494 0.6946055889129639 1.8493008613586426 1.7457684 1.6290978 5.655969 -0.09879864007234573 
3 7 Pedestrian -1 -1 -10 182.78097486933882 170.44887036282415 201.9874315894543 207.3137941587639 0.5411199927330017 0.7577382326126099 1.987282633781433 -22.731094 1.8579867 39.216423 2.994598150253296 
4 2 Pedestrian -1 -1 -10 783.6783276063119 135.84293535659862 928.9514333503114 374.0 0.9992142523211918 0.7046869580739662 1.8366839664051295 1.8279482 1.5749246 5.6493225 -0.13343794682344015 
5 2 Pedestrian -1 -1 -10 808.2116775781288 136.62869557492743 914.549674628862 374.0 0.9195275922099974 0.7258919472313039 1.8702183953724205 1.8746634 1.6140957 5.646727 0.27425309025570593 
6 2 Pedestrian -1 -1 -10 798.885761342601 140.44196410834334 928.1492148544437 374.0 0.9626798629643142 0.7522597908901937 1.8343707323172245 1.8904507 1.6031095 5.6698 0.09966436033252121 
7 2 Pedestrian -1 -1 -10 803.5115321199337 144.936794244239 926.1498330576305 374.0 0.9644017219543334 0.7458743453025836 1.8177596330643386 1.9073225 1.6186701 5.6857586 0.15386644005758782 
8 2 Pedestrian -1 -1 -10 806.7440341221577 154.37960693933425 922.5383132687444 374.0 1.2311555147170572 0.6816961765289105 1.7881115674973431 1.9131002 1.6587793 5.7294292 0.18145802617072965 
15 8 Pedestrian -1 -1 -10 782.9294906968878 165.010814772321 895.8608216662052 374.0 1.7798769866238164 0.8136827232155895 1.723328600741268 1.9259635 1.6656629 6.3047137 0.29323679296750815 
16 8 Pedestrian -1 -1 -10 774.5947811375277 156.16580596637925 894.5750745521469 374.0 1.0855292631711053 0.743600749265422 1.8292119684817374 1.9274672 1.6989913 6.300501 0.5657230382924066 
17 8 Pedestrian -1 -1 -10 799.6908901278742 168.0249575073075 887.6479022239563 374.0 1.051857237073088 0.6795334296526699 1.7342807168011865 1.9719068 1.6959623 6.3709593 0.25606343871961595 
18 8 Pedestrian -1 -1 -10 777.9556729149522 175.09721469866446 864.5550771940284 374.0 1.3444279427567285 0.6820019483526378 1.7023310661832756 1.8592482 1.7254093 6.5647044 0.282445102887418 
19 8 Pedestrian -1 -1 -10 762.2235760745564 175.68160861954536 878.6771850278667 374.0 1.3997377157199324 0.5847898721716044 1.7957328557947296 1.8296808 1.8249729 6.649467 -0.0667405202908471 
24 12 Pedestrian -1 -1 -10 724.785382752401 168.6039070607476 749.6980836491589 241.84655970044594 0.5146030749868733 0.641123393960972 1.7480195327978432 3.0402029 1.646944 17.54799 1.6100621141527722 
26 14 Pedestrian -1 -1 -10 758.0383916036711 164.5190509609486 791.4382078256348 243.24353624248138 0.6049755215644836 0.689975380897522 1.7650010585784912 3.714716 1.5784895 16.52015 1.5673209428787231 
27 14 Pedestrian -1 -1 -10 739.2855498925858 159.84098860173717 786.3429399795896 237.35733021822514 0.8836160421177637 0.6169704695220027 1.7289258530319354 3.4645667 1.4390413 16.592266 0.982408317659947 
28 8 Pedestrian -1 -1 -10 679.3275608217874 157.64879567287585 790.7881913324294 350.42880446457826 1.0313560962676884 0.7322190999984844 1.799048662185652 1.2361511 1.6575096 7.362939 0.6440578699111938 
29 8 Pedestrian -1 -1 -10 648.3485122015237 162.20805808240567 777.3396147244795 349.42104162773626 1.404102921485946 0.7188537716865356 1.7522188425063838 1.0464263 1.6529361 7.5232897 0.6743279695510864 
30 8 Pedestrian -1 -1 -10 638.7540542771724 164.75716837472044 775.1599551522056 351.6868101046232 1.5675092935562227 0.7028197646140979 1.7441964149475093 0.99750656 1.6690047 7.5596046 0.6824395656585693 
33 8 Pedestrian -1 -1 -10 630.094178577306 164.7684879165233 733.4852459851077 345.35176078157184 1.2090606689452152 0.6715893745422314 1.7498316764831723 0.73546726 1.6718419 7.6804047 0.506916880607605 
34 16 Pedestrian -1 -1 -10 675.4510545122815 167.2717030152795 698.4585112891542 207.31511417349137 0.9585222005844116 0.5453828573226929 1.7874253988265991 3.4534788 1.5386051 32.731766 -2.326221466064453 
35 8 Pedestrian -1 -1 -10 613.9917449558895 158.7914156388318 707.4616860975159 332.6521131812058 1.0269514322280724 0.6888852715491799 1.7459217309951545 0.51782554 1.6050621 7.8545594 0.44316983222961426 
36 8 Pedestrian -1 -1 -10 600.350754653197 155.68424706299146 700.9966331622608 331.0761699726897 1.0423676967620397 0.7208665609359739 1.7691262960434782 0.41043353 1.596298 7.9057035 0.5050852298736572 
37 8 Pedestrian -1 -1 -10 599.5841619393324 156.83088254405342 692.3655143069797 329.91329455196035 1.0102075338363639 0.7598504424094924 1.7553699016571154 0.36234996 1.5932243 7.9179835 0.3407273590564728 
39 8 Pedestrian -1 -1 -10 597.0659126785297 156.3751743880543 679.2958234320932 328.4036302709278 0.9653307795524608 0.8351077437401256 1.7642617225647115 0.27923378 1.5956187 7.9233456 0.1118658035993576 
40 8 Pedestrian -1 -1 -10 589.2080610849999 158.1067354285193 677.1968483164394 331.10493003948704 1.0369832515716668 0.7763733863830904 1.754938244819702 0.22482355 1.6056961 7.910018 0.22986014187335968 
41 8 Pedestrian -1 -1 -10 580.1034687244379 157.07052347665734 678.8468549931757 334.8916364414929 1.1670451164245446 0.7468693256378438 1.7888362407683804 0.18761757 1.6304163 7.9332147 0.35862839221954346 
43 19 Pedestrian -1 -1 -10 1179.9879232197782 149.86022371970702 1241.0 297.27206685460976 0.4904387295246124 0.6280706524848938 1.650818109512329 7.125886 1.393676 8.444227 1.3096356391906738 
45 8 Pedestrian -1 -1 -10 598.5927338119166 163.61974951334875 672.6309563283961 335.7519605950127 1.0377037525177455 0.7540998458862245 1.7526677846908782 0.21262068 1.6590016 7.868117 0.014033261686563492 
46 8 Pedestrian -1 -1 -10 599.751604515003 161.3714226515527 676.5678803485521 333.4362306662372 0.9945564270020224 0.7803594470023996 1.7448221445084289 0.25374514 1.628741 7.829405 0.04793150722980499 
48 8 Pedestrian -1 -1 -10 600.4054500716386 164.0160121432183 694.7924178604158 339.0722779125384 1.0512623786925817 0.8457723259925678 1.758763194084049 0.32216534 1.6703272 7.82226 -0.1294640600681305 
49 8 Pedestrian -1 -1 -10 611.7760311814241 164.66444638912677 688.1699755524467 340.82073591242545 1.3073390722275047 0.757957816123998 1.7452640533447226 0.3776675 1.6644841 7.819972 0.05671539157629013 
50 21 Pedestrian -1 -1 -10 661.6500285373066 163.02177089444228 706.7876486778998 240.78676082055577 1.0417581796646118 0.719807505607605 1.805297613143921 1.7018102 1.5774024 17.141743 1.6381508111953735 
53 8 Pedestrian -1 -1 -10 650.7745031783969 158.47521863055346 742.7943192143023 340.69162362845043 1.079499363899206 0.7541610002518004 1.8167400360106993 0.84835494 1.6737381 7.7702847 -0.11397112160921091 
54 8 Pedestrian -1 -1 -10 656.854378157674 162.72151394433823 755.4356648145852 338.0026424829939 1.051727652549694 0.6667320132255513 1.7178151607513805 0.9389426 1.6188712 7.6675453 -0.28847581148147583 
55 8 Pedestrian -1 -1 -10 678.4213191214541 157.59083150509835 757.8804900767173 338.61097400513034 1.1632466316223196 0.6850469708442588 1.8109066486358194 1.082033 1.6585734 7.797428 0.001059315400198102 
56 8 Pedestrian -1 -1 -10 678.1891474241562 160.3618514168244 791.5810348919816 340.23360676572776 0.9513492584228569 0.8311269283294681 1.7808299064636777 1.25996 1.6575086 7.731751 -0.35684868693351746 
58 8 Pedestrian -1 -1 -10 720.0493138311277 164.07329172724522 817.8482132078659 337.80478928761664 0.881280303001396 0.7039643526076929 1.7200781106948877 1.6065401 1.6335001 7.648711 -0.22338816523551938 
59 8 Pedestrian -1 -1 -10 734.9937549749276 163.92195269746557 836.3590360766523 335.21313635008823 1.040086388587969 0.6896921992301782 1.685162663459778 1.7802302 1.5976471 7.6666265 -0.16998305916786194 
61 8 Pedestrian -1 -1 -10 762.7676313068487 163.25215378237218 874.9850643926721 337.0166205197342 0.969365179538757 0.6597375869751106 1.7367341518401287 2.191169 1.6411239 7.78048 -0.8216450214385986 
62 8 Pedestrian -1 -1 -10 771.4689192392314 155.3800723949952 906.9937303006831 342.66712765477564 1.6927077770233048 0.6195859909057662 1.798981308937119 2.3603592 1.6314938 7.8227525 -0.23085826635360718 
63 8 Pedestrian -1 -1 -10 788.4543000535772 155.90518092421 934.7092244708216 340.2026502177176 1.4719015359878564 0.7664590477943324 1.8019459247589658 2.6320481 1.6365888 7.87145 -0.3223414421081543 
64 8 Pedestrian -1 -1 -10 814.6723714336531 158.72807576113897 939.0035636019275 335.0905748749243 0.9617846608161251 0.83215832710266 1.7500987052917738 2.8157077 1.6102808 7.791603 -0.6423692107200623 
69 8 Pedestrian -1 -1 -10 1083.7884007279802 161.0397641945072 1241.0 374.0 1.3280663490295346 0.7962968349456906 1.7622491121292119 4.3043485 1.6881071 5.274625 -0.19044716656208038 
74 26 Pedestrian -1 -1 -10 952.4836191485064 157.08079600216564 1069.4515134724302 327.2016430659855 1.0033667087554932 0.6626819372177124 1.7859504222869873 4.4725537 1.6207192 8.164446 -0.7552873492240906 
77 27 Pedestrian -1 -1 -10 684.3006162606014 171.02984912389996 714.2489394810959 243.14583845510612 0.9030565023422241 0.6145073771476746 1.7249711751937866 2.1575942 1.6816964 17.771477 -2.8808610439300537 
79 27 Pedestrian -1 -1 -10 651.6053131933048 169.59314329466773 678.9610086360143 244.7907382517877 0.5300978200953959 0.5314433089874462 1.7399943545463536 1.2586205 1.6648993 17.028257 -2.8204791339424857 
80 27 Pedestrian -1 -1 -10 633.2812178918465 166.7521883984131 664.2289099339895 247.21754994832492 0.8684134006668143 0.6793793464447744 1.8172622817781674 0.8397559 1.6798143 16.730532 -3.1310080894960506 
81 24 Pedestrian -1 -1 -10 675.1192727489646 162.37166163201138 707.327367544542 254.96453365990982 0.8311560144810051 0.5753314497814046 1.9284815786498777 1.7020969 1.7105181 15.499864 0.25530640598526766 
82 32 Pedestrian -1 -1 -10 571.322338471028 183.93969497443283 605.9783776870139 254.1654741207893 0.83614182472229 0.7885180711746216 1.5849281549453735 -0.5380181 1.8504347 16.834717 3.135812282562256 
83 32 Pedestrian -1 -1 -10 634.2091597820681 166.56776417962016 675.1966943455841 259.89718139323537 1.0617448126501188 0.6602611172042951 1.8451763823925962 0.88225156 1.7212517 14.85767 -2.8960457805222397 
84 32 Pedestrian -1 -1 -10 765.0774484635747 197.54729503185314 786.7962783678221 266.71712842720893 0.6679683991881198 0.4096017962735456 1.3159615625680223 3.2458687 1.820406 14.357425 -2.9324230607311166 
85 34 Pedestrian -1 -1 -10 822.5456027088309 183.01697056155598 839.3382561171179 220.00641971032317 0.6233262419700623 0.6723853945732117 1.6986984014511108 10.31034 2.1810224 33.7908 -2.7055916786193848 
86 35 Pedestrian -1 -1 -10 606.991676020633 169.0471095687297 636.542434755141 243.7402931641753 0.7793807837025815 0.6822388494664517 1.8655284691265823 0.24469629 1.7708058 18.434233 3.0608477833315817 
87 35 Pedestrian -1 -1 -10 588.5475929739018 168.9431911772496 620.7394648141623 242.0673367398043 0.6954922733228504 0.7763230262458046 1.7943892232054293 -0.19028433 1.69878 18.070124 3.0905518425697402 
88 36 Pedestrian -1 -1 -10 607.1721210135247 170.20498850745872 644.2498791953865 255.17259248499212 0.9010473489761353 0.7353599071502686 1.8083854913711548 0.2836165 1.7523638 15.828222 3.0740511417388916 
89 34 Pedestrian -1 -1 -10 751.0725570743072 183.28141904402912 769.312409075191 221.95124116387046 0.6593939632257062 0.5704881115380994 1.7330531978600727 6.7932673 2.2127514 32.838295 -1.707431835796045 
90 36 Pedestrian -1 -1 -10 571.0105268515944 170.87753528387458 609.9539872544701 261.6975699113013 0.9298911271718397 0.716648902299355 1.808075679681962 -0.46427295 1.7690854 14.867026 3.019390060521426 
91 39 Pedestrian -1 -1 -10 732.8265437736311 184.79796733902296 755.0869630930787 221.4769694654418 0.7182556390762329 0.7014894485473633 1.5782809257507324 5.8592715 2.112493 31.793839 -0.3312528133392334 
93 36 Pedestrian -1 -1 -10 501.47251731987825 169.15298020693552 548.8459161674083 268.8198987751495 1.041117660351102 0.7362266785016129 1.8012648781278962 -1.6309206 1.7347348 13.570722 -3.1062894227994455 
94 41 Pedestrian -1 -1 -10 519.5489614145313 171.3328944752831 562.9675990461386 276.17262056227645 0.5182101726531982 0.5126413702964783 1.697899580001831 -1.197006 1.6736228 12.037705 0.5516887903213501 
95 42 Pedestrian -1 -1 -10 379.0766646317705 158.73023844466252 428.4189400823533 251.86941317821857 0.8126283884048462 0.7107189893722534 1.8752018213272095 -4.321663 1.5912013 14.980026 0.15330635011196136 
96 44 Pedestrian -1 -1 -10 382.2499690682084 156.6797717414882 435.51060384556786 257.732983989619 0.890479326248169 0.5831471681594849 1.805075764656067 -3.7717233 1.5165194 13.390537 -2.8846182823181152 
97 44 Pedestrian -1 -1 -10 354.6192777920667 153.322956782831 414.6784825561518 261.4517186812736 0.8317590897560838 0.6883004944640048 1.8678684716730996 -4.0859203 1.5308377 12.954482 -2.8696472877413184 
98 47 Pedestrian -1 -1 -10 214.3383341977203 141.91223842181307 314.82343124389183 327.79126626980684 0.7769283056259155 0.5719724893569946 1.8746427297592163 -3.6603172 1.5629442 7.5682464 -1.5497981309890747 
99 48 Pedestrian -1 -1 -10 375.41206604696185 164.85408957520477 405.8348831678239 253.8829370892259 0.4281953834220273 0.4780271949294213 1.8243250658059027 -4.6141114 1.6607536 15.0196705 -3.040603177749032 
100 35 Pedestrian -1 -1 -10 237.3593345706072 149.1931474272628 299.84512503594163 274.8881006808262 0.9206289052963476 0.7652430534362734 1.8304159641265871 -5.313419 1.4862158 11.0978365 2.581106185913086 
101 46 Pedestrian -1 -1 -10 40.536768144277566 116.99772243330193 137.37106508416568 369.9463929294791 0.4431922360359356 0.5247625636619929 1.9213177487730548 -4.2563 1.4974091 5.820621 2.211009515704064 
102 52 Pedestrian -1 -1 -10 256.5111522276615 158.45053980296257 354.637591180907 332.8124393116419 0.8710281252861023 0.517492413520813 1.7408617734909058 -3.286904 1.5974128 7.663164 -2.182572364807129 
103 52 Pedestrian -1 -1 -10 195.88405782467444 151.6984178398235 314.48056031069206 342.3506743789932 0.9839484568478974 0.5442597699452176 1.7506304683795726 -3.5562096 1.556731 7.124983 -2.1705934517652317 
104 53 Pedestrian -1 -1 -10 469.0012415020547 181.46857007085447 493.418004139551 223.42145618911812 0.628025472164154 0.6024867296218872 1.4824588298797607 -4.701214 1.7995579 26.098265 -2.551206588745117 
105 53 Pedestrian -1 -1 -10 448.0901063830126 178.5662225428193 467.6539477404735 225.24109034687552 0.5410364798873791 0.618114828071302 1.6190034752532474 -5.3956213 1.8228159 25.397448 3.0448034498825685 
106 53 Pedestrian -1 -1 -10 426.4395555152436 178.226029058766 445.3852408842343 225.80492105732415 0.48412963286973343 0.557032170337985 1.6106690903635874 -6.0113754 1.7971832 24.741188 3.0774273461000896 
107 53 Pedestrian -1 -1 -10 400.52947675270576 175.2774773584413 424.3399395925468 226.27992776058363 0.5700800868812346 0.7048108326552401 1.6598440325124888 -6.6123996 1.7422482 23.973463 -2.158274714344836 
108 53 Pedestrian -1 -1 -10 381.89401005924253 180.4870511578316 402.48563597727144 227.71025838644263 0.4653824571050761 0.4558466382616079 1.4957612758016887 -7.074166 1.7458836 23.281797 -2.4221448890109842 
109 53 Pedestrian -1 -1 -10 350.1235131944701 180.3913533523415 381.41786537802784 231.56653895003416 0.7538724541499857 0.6861062049734709 1.5535929203000982 -7.6805863 1.7947501 22.548845 -2.205209016812269 
110 53 Pedestrian -1 -1 -10 325.94204295174575 178.2967954803937 355.1542967060777 232.5619849326201 0.6155332922936516 0.5751513838768975 1.6034309864043568 -8.170592 1.770787 21.763845 -2.8786234855644848 
111 53 Pedestrian -1 -1 -10 303.23735301790293 178.652016049371 330.3791618866947 234.19908561001625 0.4022332727909371 0.614447116851802 1.590371489524821 -8.575821 1.7616634 20.99145 -2.8631660938262944 
112 53 Pedestrian -1 -1 -10 271.1473909434491 175.47969774393576 306.30251362156054 232.72900183059932 0.6654580831527852 0.6195679903030428 1.5757440328597476 -9.091333 1.6515744 20.316307 2.003072889644997 
113 53 Pedestrian -1 -1 -10 232.07810575997863 175.11462050852433 288.8716991237545 238.94445324419914 1.173773884773277 0.7240003347396534 1.6551436185836292 -9.457683 1.7185874 19.444366 0.6087967475231597 
114 54 Pedestrian -1 -1 -10 544.6191084579009 171.80906666172154 555.3878324575119 198.20829784763683 0.7586991786956787 0.6312803626060486 1.7695297002792358 -4.081693 1.6998459 48.756 -3.0925493240356445 
115 53 Pedestrian -1 -1 -10 178.24486474224324 170.26051865437358 216.72136609828001 239.07989637671463 0.8046292662620627 0.5674289464950792 1.6664817333222008 -10.298953 1.6040376 17.924612 1.00537315209455 
120 53 Pedestrian -1 -1 -10 0.0 177.49763231384216 37.46951385038167 262.18418363419875 0.6069693565368682 0.5419879555702496 1.6100400686264074 -11.704324 1.7025698 14.032744 1.5188565572071102 
122 56 Pedestrian -1 -1 -10 712.9764601269083 174.45979731844966 734.3022324948204 218.59913024624925 0.718713104724884 0.7416481971740723 1.7744697332382202 4.5835547 1.84108 29.398811 -0.023180456832051277 
124 56 Pedestrian -1 -1 -10 691.2209149416811 176.5214456372604 708.8973800775888 221.03740919332043 0.6455800916663755 0.6791548621999105 1.7181016648649892 3.481037 1.8639536 28.263105 0.1124140715642632 
129 57 Pedestrian -1 -1 -10 645.3849595453279 168.75421469200663 668.7118312998084 221.24017191398013 0.7443212270736694 0.7904720306396484 1.780380129814148 1.5786421 1.6416688 24.87168 0.07053358852863312 
131 57 Pedestrian -1 -1 -10 645.961952989699 174.80990928317428 670.3153805921105 227.0847130944465 0.4957711679106995 0.7598607806872263 1.6834326736142058 1.5183331 1.7481719 23.499762 -4.4148912408434327e-05 
133 57 Pedestrian -1 -1 -10 653.1606443392467 173.41478197710592 679.471472433284 232.28868339960204 0.6891510878289687 0.7528301571542597 1.7774728469895784 1.6750494 1.7953022 22.132547 -0.0001949048620369548 
134 57 Pedestrian -1 -1 -10 656.6418418897274 170.3160170620804 689.8743641805924 232.94551674578992 0.7726327143347158 0.7791135299315399 1.821331022198976 1.8271892 1.7478817 21.446724 -0.23499429660896312 
135 57 Pedestrian -1 -1 -10 669.6790565598515 167.61421645385616 697.715032756165 230.3462408008309 0.5216966272775385 0.7408645153254989 1.779099106811825 2.065604 1.6308551 20.730522 -0.025589250142884518 
137 57 Pedestrian -1 -1 -10 686.8345814140854 158.87906007031586 725.5524217940915 226.939456466224 0.7103250026699274 0.9180949926372924 1.7750387191772712 2.5005245 1.4109253 19.183285 -0.028450006619090338 
138 57 Pedestrian -1 -1 -10 703.9854483022893 160.15635178692838 742.4784620213245 228.68036541673843 0.6098756790160929 0.7541217803955425 1.7009626626968906 2.8358037 1.3861284 18.392689 0.8669687827401491 
139 57 Pedestrian -1 -1 -10 724.4106820785474 156.96269563291818 758.000357154273 229.0460195341417 0.8871403336525034 0.7886416912078673 1.7125413417815774 3.165924 1.3353567 17.650997 0.19507661660256304 
140 57 Pedestrian -1 -1 -10 737.3133952004152 157.90363322636742 782.3652941153435 235.53279501813515 0.7804337143898047 0.7197130918503025 1.7607904672622394 3.4596848 1.422043 16.893307 0.7976214011482323 
141 57 Pedestrian -1 -1 -10 761.4573602591713 160.4478923443391 798.3356836344572 238.52936010052528 0.5044075846671701 0.6937538385391017 1.7117798328400324 3.7300117 1.4401586 16.077131 -0.027385490015149117 
142 57 Pedestrian -1 -1 -10 783.4214117817684 159.14915346140234 824.6907942284251 243.38065303639635 0.8797787427902134 0.7572087645531094 1.734372019767772 4.0637684 1.4525397 15.347232 0.15520277817807315 
143 57 Pedestrian -1 -1 -10 799.9129402225292 158.44507996752998 854.457632850655 248.33204207636692 0.821410298347425 0.8092459440231341 1.748793840408364 4.291727 1.4688193 14.4727335 -0.06898200511932373 
144 59 Pedestrian -1 -1 -10 823.7631618157442 161.25385446960743 871.7165506409309 252.445624893668 0.6620367765426636 0.7333803176879883 1.675717830657959 4.4254966 1.4629142 13.621865 -3.0420849323272705 
145 57 Pedestrian -1 -1 -10 847.953568465188 153.73997919278534 906.8389949820356 255.3979436664705 0.9746180176735231 0.800254344940176 1.7433773279189886 4.7115755 1.4159404 12.910484 0.14270249207570362 
146 57 Pedestrian -1 -1 -10 882.8897888400485 153.59690748174637 940.3568450300052 263.19654446663037 0.5279998183250029 0.7397260665893574 1.7939071655273766 4.985076 1.4790684 12.072973 -0.004656704264467848 
147 57 Pedestrian -1 -1 -10 904.3666082522981 153.9175482866926 980.5113685844203 268.02285161499196 0.9494351148605142 0.7408024072647084 1.6935008764266946 5.0750294 1.4128122 11.18162 -0.002437742548556443 
148 57 Pedestrian -1 -1 -10 950.9592827027242 150.9550250300998 1020.7898230903936 276.22374973927043 0.6040534973144247 0.6812227368355047 1.7435261011123164 5.3253245 1.4390877 10.349915 -0.02393246255815029 
149 57 Pedestrian -1 -1 -10 979.5227388016915 150.2120733061955 1068.6213142465992 286.123862920069 0.8805195689201204 0.672830343246459 1.7120510339737338 5.3880424 1.4271935 9.527787 0.0036373650655150414 
150 57 Pedestrian -1 -1 -10 1026.9844045245952 152.11665409592788 1121.3462326399967 303.142493467111 0.6900690793990729 0.6908681988716101 1.7458246946334377 5.5113826 1.5064635 8.684344 -0.003602178888741925 
151 57 Pedestrian -1 -1 -10 1060.9631363634696 149.277724740272 1187.1600164784188 316.5010379383796 0.8843495845794375 0.7905133962631488 1.7329255342484418 5.5676656 1.4889638 7.947256 0.08111849625644574 
152 57 Pedestrian -1 -1 -10 1131.009233887044 150.706366114916 1241.0 333.38649475701254 0.7884660959243923 0.7263246774673067 1.679118633270202 5.6687837 1.4759048 7.0316305 0.02250710328170591 
0 1 Cyclist -1 -1 -10 762.5126730727767 157.13506440785508 907.0556419417957 374.0 1.7197588682174683 0.6264708638191223 1.8304831981658936 1.6472634 1.7244564 5.742938 0.008028549142181873 
1 1 Cyclist -1 -1 -10 762.9209246284871 151.80515673848075 915.8889330113421 374.0 1.6548264164403752 0.6342824250684785 1.8443553846347516 1.680305 1.7019138 5.731134 -0.037870654932553365 
2 1 Cyclist -1 -1 -10 773.1495250951923 141.3859989436057 920.2914686925137 374.0 1.1398796878516875 0.6946055628192188 1.8493008592193574 1.7457684 1.6290978 5.655969 -0.09879861371697599 
3 1 Cyclist -1 -1 -10 773.8715465904957 142.08351691528853 926.8960318080346 374.0 0.9533934003255935 0.7684471604792391 1.7711585762674082 1.783798 1.5536284 5.646872 -0.18886844784355816 
4 1 Cyclist -1 -1 -10 782.260486221866 135.59863862153497 915.0771153984268 374.0 1.3315863609220528 0.6082617640535002 1.8428728580456586 1.8169407 1.5761106 5.843511 -0.02381558902970063 
5 1 Cyclist -1 -1 -10 791.389488486394 136.1398644741463 885.7284930917839 374.0 1.146314382553181 0.625913441181151 1.8622716665267802 1.818682 1.5987787 5.8323317 0.39802744984618865 
6 1 Cyclist -1 -1 -10 790.2220525618624 142.60801280458836 909.3868787038012 374.0 1.1651346683502382 0.6408370137214868 1.793227314949011 1.8323861 1.5743544 5.829722 0.06650863587856337 
7 1 Cyclist -1 -1 -10 800.7886316683646 145.76189488119874 899.4524706636736 374.0 1.1225601434707775 0.6468849778175332 1.805775880813646 1.8394833 1.610698 5.820983 0.22205859422683716 
8 1 Cyclist -1 -1 -10 807.8590969575955 154.15062293568442 903.3546371902823 374.0 1.2729700803756632 0.6448497176170445 1.7685701847076452 1.8854057 1.6356384 5.8371687 0.2592565417289734 
9 1 Cyclist -1 -1 -10 797.0777060672774 151.6761028990708 940.7773835366821 374.0 1.8117195367813257 0.633088827133181 1.8183705806731796 1.96921 1.6726818 5.89816 0.0671142190694809 
10 1 Cyclist -1 -1 -10 791.749815520159 162.04312427286152 945.4697230246773 374.0 1.7455612421035485 0.7430917024612349 1.7801727056504266 1.9743439 1.705085 5.9291134 0.0695265457034111 
11 1 Cyclist -1 -1 -10 785.2844953612816 155.38547537428067 922.981162131019 374.0 1.671374320983863 0.6503798961639492 1.821749091148469 1.9098917 1.6961819 6.0472636 0.042231235653162 
12 1 Cyclist -1 -1 -10 801.797093712473 146.08812818553727 924.1019704242152 374.0 1.6814731359480937 0.6427289843558991 1.8950457572936796 1.9804877 1.7045628 6.0188446 0.13834327459335327 
13 1 Cyclist -1 -1 -10 793.197538578205 149.16766878573583 914.9044160483577 374.0 1.7786408662796436 0.6239544749260065 1.8436853885650275 1.9606557 1.6709454 6.1887426 0.11166619509458542 
14 1 Cyclist -1 -1 -10 787.2550001675963 157.0851943256167 918.1438520260623 374.0 1.7812811136246403 0.6439737081527488 1.794018507003879 1.9577758 1.6780767 6.2299685 0.07068736106157303 
15 1 Cyclist -1 -1 -10 787.3052200271834 160.54455023760647 908.5089924249346 374.0 1.5864223241805473 0.744499146938345 1.7879052162170175 1.9493273 1.6951778 6.2929387 0.14764449000358582 
16 1 Cyclist -1 -1 -10 771.1119354255685 156.8227897652609 869.9620546011862 374.0 1.313249945640564 0.7023493647575272 1.8291804790496353 1.8736638 1.7015238 6.500851 0.4050184488296509 
17 1 Cyclist -1 -1 -10 781.1749982310918 167.10261701196714 874.070457349592 374.0 1.2042915821076436 0.7288000583648557 1.750433206558296 1.893035 1.7044855 6.487771 0.2903669774532318 
18 1 Cyclist -1 -1 -10 777.9556729097293 175.09721470370013 864.5550771924171 374.0 1.3444279432296495 0.6820019483566253 1.7023310661315456 1.8592482 1.7254093 6.5647044 0.28244510293006897 
19 1 Cyclist -1 -1 -10 762.2235760741858 175.68160861933237 878.6771850282843 374.0 1.3997377157211304 0.5847898721694957 1.795732855796896 1.8296808 1.8249729 6.649467 -0.06674052029848099 
20 1 Cyclist -1 -1 -10 761.0473555406047 185.75081027122573 859.6982673135751 374.0 1.8045945167541506 0.7277099490165524 1.7211874723434708 1.7773057 1.8607198 6.8320312 0.17375069856643677 
21 1 Cyclist -1 -1 -10 748.131928521808 182.64680187087373 859.0054481155414 374.0 1.7594183683395672 0.6977085471153005 1.72869920730599 1.7190593 1.8345938 6.8709836 0.07105752825737 
22 1 Cyclist -1 -1 -10 737.2073198247522 177.10759883406996 831.2574647614589 374.0 1.8527030944823535 0.6965009570121642 1.7441647052764564 1.6741581 1.7913796 6.9561505 0.3395575881004333 
23 4 Cyclist -1 -1 -10 727.5172090766278 175.20536091140568 822.0649559933663 374.0 1.5790112018585205 0.6482684016227722 1.7272530794143677 1.5765667 1.7531104 6.9685626 0.3843572735786438 
24 1 Cyclist -1 -1 -10 731.8494895773799 175.80452662689027 819.500991684306 374.0 1.7736101150513621 0.7037065625190564 1.7473132610320996 1.6287014 1.7807577 7.1367087 0.3074442744255066 
25 1 Cyclist -1 -1 -10 732.1119443755937 171.23401743936876 809.2508118492866 372.1416443437918 1.6455516815185125 0.6684346795082095 1.765865802764889 1.5044597 1.751985 7.20648 0.16923075914382935 
26 1 Cyclist -1 -1 -10 701.1552873696022 170.37029126671266 800.1570927608193 363.4355329558052 1.370156049728429 0.7048427462577912 1.7351453304291486 1.3922058 1.7131813 7.2504616 0.4045630395412445 
28 1 Cyclist -1 -1 -10 678.9476818195875 159.48792303507196 780.6615151291254 348.527203593674 1.1540164947510136 0.732000768184657 1.777412772178624 1.208902 1.6520982 7.4610815 0.4623245298862457 
29 1 Cyclist -1 -1 -10 648.3485122015242 162.20805808241036 777.3396147244795 349.421041627736 1.4041029214859053 0.7188537716865528 1.75221884250634 1.0464263 1.6529361 7.5232897 0.6743279695510864 
30 1 Cyclist -1 -1 -10 629.5669680588098 167.1652473128222 770.1587402859947 346.14005609539987 1.4543936252594218 0.6366439461708088 1.7047777175902705 0.90934217 1.6509489 7.5760283 0.8875539898872375 
31 1 Cyclist -1 -1 -10 639.5050704134286 159.06595703424767 741.6827540398377 348.44403970409235 1.6908686161041022 0.5917984843253769 1.811469316482525 0.8608977 1.6799396 7.7905025 0.43400371074676514 
32 1 Cyclist -1 -1 -10 628.3829516051636 163.30467229541023 738.8082711972312 348.55765790804145 1.611169695854097 0.7064959406852968 1.7781320810317711 0.78576106 1.6868317 7.8023605 0.4305570721626282 
33 1 Cyclist -1 -1 -10 611.9591533649001 166.51891938341393 723.0823823441848 342.7542558896669 1.3479615449905298 0.651174187660205 1.7366824150084665 0.60138166 1.6746123 7.8509655 0.5664522647857666 
34 1 Cyclist -1 -1 -10 611.7336114107028 162.11100350140217 717.6390557774891 338.8669462767262 1.2608742713928456 0.7164603471756088 1.743370532989549 0.56845725 1.6377686 7.8382854 0.4724448323249817 
36 1 Cyclist -1 -1 -10 600.3507546531969 155.68424706299646 700.9966331622609 331.0761699726896 1.0423676967620314 0.7208665609359807 1.7691262960434275 0.41043353 1.596298 7.9057035 0.5050852298736572 
38 1 Cyclist -1 -1 -10 593.4933173929933 156.5468133126503 677.530144074624 332.79830777609607 1.36500203609464 0.7027375698089797 1.801810026168778 0.2664182 1.6354604 8.116927 0.22363272309303278 
39 1 Cyclist -1 -1 -10 592.5316343323877 159.59927102743123 674.4640140366201 328.5150579776566 1.1096943616867838 0.8219090700149085 1.7554259300232393 0.23725359 1.6180365 8.09714 0.12407270818948746 
40 1 Cyclist -1 -1 -10 584.2893171110333 161.23089727400125 671.688085527996 329.99996750362556 1.1833089590072667 0.7905397415161082 1.7397652864456394 0.17739436 1.6203058 8.092689 0.19643644988536835 
41 1 Cyclist -1 -1 -10 575.7572017575391 159.83997054617168 674.6267285984503 335.0624278304409 1.3314239978790237 0.7845531702041596 1.787255167961092 0.15182382 1.654871 8.107234 0.29143548011779785 
42 1 Cyclist -1 -1 -10 572.4167521524968 161.7847685289071 663.8252511212736 340.76545127991085 1.607817888259959 0.7009841203689527 1.7964504957198577 0.08096648 1.6857052 8.101416 0.22597920894622803 
43 1 Cyclist -1 -1 -10 574.5857300406866 165.06282805175834 664.2681595819904 344.07321813964126 1.6955380439758303 0.6708936095237905 1.7886202335357901 0.09784982 1.711131 8.107557 0.22259339690208435 
44 1 Cyclist -1 -1 -10 581.9404825947485 163.6298227476089 662.058411339085 340.9083289746854 1.4528796672820934 0.6823090910911448 1.80210185050971 0.11641397 1.7086926 8.10641 0.17364123463630676 
45 1 Cyclist -1 -1 -10 593.332694763846 164.15288401820487 661.9655307686781 336.47384530151896 1.2219899892807646 0.7122703194618224 1.783352136612006 0.17103265 1.693662 8.099927 0.07340569049119952 
46 6 Cyclist -1 -1 -10 494.7675355620532 174.58176488183423 542.7902242715037 217.58114943242037 1.8195593357086182 0.7182318568229675 1.6771423816680908 -3.6834161 1.7477862 28.768188 1.3101449012756348 
47 1 Cyclist -1 -1 -10 602.1315850083467 162.17770110000515 677.9055810868143 338.4263192564077 1.2526434659957626 0.761275351047529 1.7696481943129212 0.26205376 1.6628093 7.877894 0.025826504454016685 
48 1 Cyclist -1 -1 -10 600.4054500716384 164.01601214321377 694.7924178604161 339.0722779125383 1.0512623786925737 0.8457723259925751 1.758763194084094 0.32216534 1.6703272 7.82226 -0.1294640600681305 
49 1 Cyclist -1 -1 -10 611.7760311814267 164.6644463891332 688.1699755524439 340.82073591242516 1.3073390722274825 0.7579578161239471 1.745264053344659 0.3776675 1.6644841 7.819972 0.05671539157629013 
50 1 Cyclist -1 -1 -10 615.8316122792663 162.8914582768739 698.2337735181343 337.68944586806737 1.0298334360122108 0.7889661788940414 1.752498984336732 0.47907782 1.6529739 7.8048244 0.1677020788192749 
51 7 Cyclist -1 -1 -10 557.4603934885397 172.71363103439552 607.0629127375946 219.93702175077956 1.7146352239575644 0.6828750559174845 1.7141580180985077 -1.074334 1.7094206 26.859123 1.1359413672712857 
52 1 Cyclist -1 -1 -10 638.1024334492872 163.80183685836067 733.8640211826391 344.5873532545345 1.514832973480323 0.6503484249114595 1.7549699544907045 0.72073334 1.6674542 7.801877 -0.1638672947883606 
53 1 Cyclist -1 -1 -10 650.7745031783977 158.47521863055084 742.7943192143013 340.6916236284503 1.0794993638991977 0.7541610002517831 1.8167400360107253 0.84835494 1.6737381 7.7702847 -0.11397112160921098 
54 1 Cyclist -1 -1 -10 652.4757619660155 161.29412327417305 760.4267931506394 343.78245346597896 1.2200003862381008 0.6398166418075372 1.796509146690293 0.9523964 1.6830657 7.7854223 -0.377668172121048 
55 1 Cyclist -1 -1 -10 678.4213191214534 157.59083150510054 757.8804900767183 338.61097400513097 1.1632466316223777 0.6850469708442676 1.8109066486357968 1.082033 1.6585734 7.797428 0.001059315400198102 
57 1 Cyclist -1 -1 -10 698.1480258839654 159.16838305845533 806.9421774953772 338.464658883685 1.2008018493651944 0.7745742797851531 1.7738286256789841 1.4453615 1.6387908 7.7930045 -0.17037884891033173 
59 1 Cyclist -1 -1 -10 729.239216672801 164.3373705748642 839.9706125234273 336.6812744196125 1.23520660400386 0.7248677611351192 1.6991167068481123 1.7870903 1.6155102 7.782492 -0.17667220532894135 
60 1 Cyclist -1 -1 -10 743.0731317518936 157.52191916957403 870.7974509029957 340.2398455994026 1.3425291776656405 0.6812505125999215 1.7888427972794456 2.0316076 1.6390967 7.808782 -0.35191935300827026 
62 1 Cyclist -1 -1 -10 771.4689192392286 155.38007239499277 906.9937303006869 342.66712765477666 1.6927077770233834 0.6195859909057985 1.7989813089371416 2.3603592 1.6314938 7.8227525 -0.23085826635360718 
63 9 Cyclist -1 -1 -10 666.2214798597889 166.04848113620653 718.641723225038 225.73982132347265 1.6561423540115356 0.5732216835021973 1.709559440612793 2.41221 1.5150073 21.418808 0.8617008924484253 
65 1 Cyclist -1 -1 -10 818.7615457934204 160.1839652661438 976.3692894044316 336.7509641745741 1.6044808626175329 0.5956101417541608 1.7277225255965651 3.0345485 1.6041031 7.906635 -0.480265736579895 
66 10 Cyclist -1 -1 -10 834.1418229620941 159.79302561407317 1005.9193582499931 339.0120127531334 1.6219734481811117 0.5784271490030071 1.7659573321313942 3.2877734 1.6376172 7.8716755 -0.820184365411674 
67 10 Cyclist -1 -1 -10 847.2755124853619 163.55041335161087 1020.2818855862785 341.82040794663703 1.628310671999886 0.5690946106481232 1.7611821953092022 3.4428952 1.6696272 7.881022 -0.8395724635948282 
68 10 Cyclist -1 -1 -10 864.3692246206748 161.14217317515173 1041.9708838921733 344.0179217284968 1.658660054017936 0.5994324682255413 1.7935935256848434 3.6502695 1.6790851 7.903483 -0.6927083143789596 
69 10 Cyclist -1 -1 -10 875.2991868593351 164.2072705165834 1056.7842280104119 343.7451201291185 1.6773451566693223 0.6047725081443036 1.7668514251713916 3.7982168 1.6821159 7.9002223 -0.797409951684943 
70 10 Cyclist -1 -1 -10 892.7950391343114 164.62613086013346 1073.8704128493923 343.51637039007034 1.6670663356781155 0.5943057537078961 1.761336803436262 3.9936545 1.6806839 7.9300337 -0.7011823654174857 
71 10 Cyclist -1 -1 -10 896.1762945578171 158.52242499802404 1085.751055108758 339.5817257674791 1.7754440307617296 0.6877120137214665 1.8057714700699183 4.163349 1.6631953 8.12365 -0.5837637186050415 
72 10 Cyclist -1 -1 -10 911.5435007300106 156.26962173685155 1090.8812405868043 338.1830166604686 1.7349230051040612 0.5867727398872619 1.8284986019134202 4.2892294 1.662159 8.149777 -0.5117506980895996 
73 10 Cyclist -1 -1 -10 918.292467174744 157.58428406534884 1100.166236038867 335.9390385134827 1.7126479148863856 0.5804517269134916 1.8097616434097217 4.4060626 1.6551781 8.1732 -0.6597055792808533 
75 10 Cyclist -1 -1 -10 928.9480190768768 161.30504801921074 1103.3511880630006 330.8167902393767 1.6886675357817433 0.6015845537185665 1.7727240324020481 4.618019 1.652305 8.416707 -0.5671384334564209 
76 10 Cyclist -1 -1 -10 934.3998690462561 164.20438424524832 1110.9063170285713 332.7846935472779 1.7112934589385107 0.5683414936065527 1.776384234428458 4.719967 1.6855984 8.456414 -0.6397454738616943 
77 10 Cyclist -1 -1 -10 937.541728007608 166.94627030209605 1105.002335994095 330.58840682097 1.627274513244669 0.5356532931327558 1.7515108585357666 4.738341 1.6886365 8.484638 -0.7858150005340576 
78 10 Cyclist -1 -1 -10 936.6717019551817 166.12399449825702 1116.0099425395151 331.15943279553426 1.7793669700623258 0.6464477777481079 1.7899951934814697 4.921975 1.7173586 8.742143 -0.590458869934082 
79 10 Cyclist -1 -1 -10 936.2099937568112 168.50324031228695 1107.872344021809 328.3548462970291 1.6899390220641923 0.6678552627563809 1.7477778196334801 4.895993 1.7005656 8.771801 -0.6024717688560486 
80 10 Cyclist -1 -1 -10 934.5944582941372 162.00607989248385 1099.1474110103345 326.70284771037814 1.7948710918426964 0.5366405844688366 1.826906681060829 4.9016004 1.7069335 8.927412 -0.4383988678455353 
81 10 Cyclist -1 -1 -10 931.2313509257875 169.18266555102844 1083.7155818898416 324.24829973429075 1.7055164575576771 0.6459218263625847 1.765930294990537 4.899201 1.724478 9.1253195 -0.31829625368118286 
82 10 Cyclist -1 -1 -10 925.9737331099667 172.9510015244002 1078.2929260552023 323.5941122377054 1.7536057233809526 0.5805435776710619 1.7665182352066502 4.9721212 1.7682611 9.379393 -0.4100710451602936 
83 10 Cyclist -1 -1 -10 925.1633506762993 172.6367028227806 1070.0604718410184 322.42273775290784 1.7180528640748054 0.6282054185867098 1.7709952592850404 4.947044 1.7687839 9.442139 -0.3069712519645691 
84 10 Cyclist -1 -1 -10 915.283738646209 172.53965993795597 1050.0327965501767 315.7951323370447 1.5470377206802444 0.6463534235954174 1.7575623989104727 4.896814 1.7540637 9.687839 -0.40974298119544983 
85 10 Cyclist -1 -1 -10 917.1687505509938 170.24719069882457 1043.8508794809577 314.8327547989586 1.6691346168518135 0.6868208646774361 1.7835388183593655 4.8975816 1.7517403 9.772703 -0.14260786771774298 
86 10 Cyclist -1 -1 -10 906.5731839393634 168.82865012324606 1037.43449371584 312.5603024707741 1.7635920047759588 0.6408417820930628 1.806536078453045 4.892245 1.7563001 9.997592 -0.22858619689941406 
87 10 Cyclist -1 -1 -10 896.5634053171061 174.17154541956418 1033.8766790053783 312.56800909478886 1.708334088325454 0.6147834062576256 1.758332133293148 4.8517914 1.7787598 10.084936 -0.4447765350341797 
88 10 Cyclist -1 -1 -10 889.503595066768 170.9201228797614 1024.3925734361933 307.2551739529411 1.655594229698265 0.49111807346344616 1.7774997949600648 4.8034797 1.7526443 10.187426 -0.7235960960388184 
89 15 Cyclist -1 -1 -10 233.0317693209684 175.2815611201297 377.4339315715066 296.2856488899675 1.76362144947052 0.693277895450592 1.620836853981018 -4.3016057 1.6570629 10.170011 1.4039808511734009 
90 10 Cyclist -1 -1 -10 880.0965983154302 171.44986478762868 1002.0259815495527 303.8540453201509 1.6932739019393566 0.5489578247070237 1.7763962745666175 4.7382975 1.7579156 10.564208 -0.40286919474601746 
91 17 Cyclist -1 -1 -10 873.2453116204179 174.56724302362122 960.1030087960776 301.79661054690104 1.6815008535561455 0.5010121291704155 1.7345687621013308 4.449963 1.7623862 10.709581 -0.05067502994657997 
92 19 Cyclist -1 -1 -10 205.7368757547796 181.21479248021 248.67518423505527 217.84449489970817 1.7785335779190063 0.6167737245559692 1.7485990524291992 -18.935535 2.171457 35.63774 0.8440113663673401 
93 19 Cyclist -1 -1 -10 187.1805244022582 178.8028787079265 227.34705003685258 217.71481238842563 1.5344058396289368 0.6864675026267307 1.833246237072071 -19.254152 2.1204169 34.44041 1.5694128361799264 
94 19 Cyclist -1 -1 -10 161.16907482216448 177.62954750858782 207.8405242922992 217.70469325104975 1.7500560435101669 0.6283754577824698 1.817659328096961 -19.613297 2.0404525 33.211205 1.4781093803307837 
95 15 Cyclist -1 -1 -10 0.0 159.88817981871014 116.23846386942031 353.40100077698884 1.753230691123161 0.5756147504346106 1.6551998854778793 -5.581415 1.5446554 6.662518 1.8180969143432115 
96 10 Cyclist -1 -1 -10 843.4854740662159 176.51065000072958 950.2780972491813 296.2309345071178 1.6617267131804854 0.48967888951300687 1.751882910728451 4.4576507 1.814633 11.458094 -0.4770180284976959 
97 10 Cyclist -1 -1 -10 839.326815040642 178.96096834290773 944.6067212640783 298.2254847368693 1.6020246744155444 0.5326966047286991 1.7535334825516695 4.4089136 1.8584787 11.522672 -0.4937996566295624 
98 10 Cyclist -1 -1 -10 831.550275655164 176.41772588707414 927.5224180300194 292.6958134519576 1.5961989164352266 0.599962294101701 1.7488240003585496 4.294585 1.8114523 11.753187 -0.3154085576534271 
99 17 Cyclist -1 -1 -10 827.4331111481029 172.53320992112992 929.2698070667487 291.2837091616102 1.8044316590796485 0.6175882776598216 1.8120261389333736 4.3419657 1.807489 11.960191 -0.292026523976462 
100 17 Cyclist -1 -1 -10 818.9968776380053 172.77745659531087 926.4900403556564 291.43714947341255 1.763062357920264 0.6679874062322586 1.8149374723421525 4.2578273 1.8141246 11.975864 -0.3837126493061896 
101 17 Cyclist -1 -1 -10 820.2658376298523 173.89869158078707 917.8745325373953 288.67792892343374 1.5060503482823087 0.5929709076882929 1.7826315164566675 4.22963 1.8015549 12.018968 -0.5186778306958615 
102 17 Cyclist -1 -1 -10 815.503786311329 171.8104878313889 911.2191796289378 285.43367232609785 1.432328224182159 0.6503635048866293 1.8087700605392454 4.225925 1.7925162 12.260117 -0.5846197009086603 
103 17 Cyclist -1 -1 -10 812.4504276450076 169.75618559784692 914.7339419692607 284.3493971489172 1.546391010284359 0.6286194920539916 1.8232139348983831 4.234982 1.7742846 12.279298 -0.666024923324585 
104 17 Cyclist -1 -1 -10 802.1637242503734 174.34866441133144 906.587516907752 285.16743298437495 1.6303075551986148 0.6475936174392598 1.7565399408340479 4.083441 1.7841895 12.31463 -0.5901434421539307 
105 17 Cyclist -1 -1 -10 802.6923390484895 173.14824234424398 900.6599097837884 284.3820711157957 1.6080734729768031 0.608084797859225 1.7773889303207846 4.058096 1.7831445 12.382253 -0.5018703937530518 
106 17 Cyclist -1 -1 -10 801.9408111326975 171.72166302780482 895.4720867537461 285.61884671503884 1.652903079986572 0.643397986888913 1.8222265243529678 4.0168777 1.8044683 12.427672 -0.3485777676105499 
107 10 Cyclist -1 -1 -10 794.6084268097098 173.8750830732167 897.6820044738067 287.471879385241 1.7484577894210755 0.7475469708442785 1.8364354372024772 4.035244 1.8560156 12.629693 -0.4029545783996582 
108 10 Cyclist -1 -1 -10 790.1445034321844 175.60582882365043 895.8928846334206 287.93555573994576 1.7103840112686688 0.791094481945042 1.8123201131820015 3.9832058 1.8644361 12.626523 -0.4607234001159668 
109 10 Cyclist -1 -1 -10 785.4800920563794 174.4891337337084 894.6467773450354 285.1145932943816 1.7112175226211936 0.8561225533485544 1.7851004600524736 3.932038 1.8162429 12.625101 -0.4838164150714874 
110 10 Cyclist -1 -1 -10 790.4160998792802 174.93730622771804 881.91132093595 284.1773430656727 1.6796884536743197 0.733694851398475 1.7740850448607806 3.8711934 1.8136177 12.657492 -0.2731257677078247 
111 10 Cyclist -1 -1 -10 788.3051735303297 175.66483270631758 872.3902064700281 282.7992353465394 1.7161583900452015 0.5972405672073416 1.744134068488992 3.7825449 1.7974966 12.6974125 -0.2609718143939972 
112 10 Cyclist -1 -1 -10 782.7508333083842 170.5819345115181 857.7080911551942 280.3712325947736 1.6963396072388144 0.6256445050239421 1.8041949272156945 3.6188946 1.7672154 12.738332 -0.14180903136730194 
113 10 Cyclist -1 -1 -10 778.1913440767902 171.80658711192854 852.2228872919989 279.8230708304485 1.716924309730479 0.73684835433959 1.7975581884384417 3.5707679 1.7804855 12.8855095 -0.06561899185180665 
114 10 Cyclist -1 -1 -10 774.1139678077672 174.7416506039818 849.2012559220865 281.9477809996551 1.8929382562636843 0.6666175127029176 1.762190103530815 3.496266 1.7987492 12.863268 -0.08597550541162491 
115 10 Cyclist -1 -1 -10 767.7114634696582 174.2605087408883 836.5297292364501 280.7853130835243 1.9445471763610225 0.6403632164001191 1.759354352950974 3.3445814 1.7868325 12.925016 -0.04214416444301605 
116 10 Cyclist -1 -1 -10 761.8409907983154 175.3606809876275 818.4937883650053 281.1256817795549 1.7292525768279066 0.6373145580291605 1.7671229839325826 3.152703 1.815583 12.968715 0.032571375370025635 
117 10 Cyclist -1 -1 -10 749.6156262653558 173.52482024415468 807.0962088968085 281.97046510833565 1.8838574886321515 0.6375859379768543 1.8161227703093772 2.9538848 1.82949 13.041313 0.022416606545448303 
118 10 Cyclist -1 -1 -10 745.0308379423138 177.74262138314936 800.3723515935068 282.9917058424083 1.6957029104232832 0.565178990364108 1.7646590471267656 2.855032 1.8591299 13.0311985 -0.03293290734291077 
119 10 Cyclist -1 -1 -10 735.1746881381272 177.17841718320372 790.3807728449015 282.6766128386523 1.7403063774108565 0.6228620409965405 1.7755012512206925 2.6858628 1.8595167 13.08384 -0.005520049948245287 
120 10 Cyclist -1 -1 -10 715.5855944700729 182.21635960099243 775.8847012453614 279.751016419959 1.6413346529006807 0.8216143250465392 1.6582666635512406 2.4068937 1.8413262 13.250597 0.015916071832180023 
121 10 Cyclist -1 -1 -10 702.5296807942644 175.74763352645175 758.8643319844762 280.0339144454189 1.7964496612548861 0.7226691246033122 1.7867139577865627 2.1403863 1.8440789 13.3107 -0.009091254323720932 
122 10 Cyclist -1 -1 -10 688.0649902814268 176.38520435791864 739.7469746549626 279.0869985113228 1.5111279487609282 0.6871948838233882 1.777598142623809 1.8381138 1.846839 13.305425 -0.034025564789772034 
123 10 Cyclist -1 -1 -10 675.5330622483577 175.61792055133876 718.7614173565595 278.7607327600048 1.7159563302993215 0.5988110303878795 1.787224888801641 1.5419451 1.8422298 13.404523 0.0023497086949646473 
124 10 Cyclist -1 -1 -10 648.6418652909001 176.14760622529982 706.5398404913334 273.4626295309207 1.3740372657774989 0.7798987030982899 1.7172278165817583 1.2397664 1.7830366 13.558938 0.33336567878723145 
125 10 Cyclist -1 -1 -10 635.4323705941063 174.43745850040858 681.043033760072 273.8425357319267 1.7211598157883075 0.7969195842743185 1.7358760833740259 0.87839067 1.7678812 13.521886 0.10019843280315399 
126 10 Cyclist -1 -1 -10 608.7596723020299 173.5718100835579 666.5572291001529 273.858178588686 1.7636599540710014 0.8087538480758655 1.752195119857776 0.49976414 1.7669886 13.562659 0.2029008716344833 
127 10 Cyclist -1 -1 -10 595.3791595043309 173.79893778638743 647.9681407779433 273.470747525031 1.7657538652420044 0.8349524736404192 1.742666959762666 0.19812603 1.7619836 13.552006 0.10531363636255264 
128 10 Cyclist -1 -1 -10 568.3788482604295 175.35597297081745 634.9355064130696 273.98734716699903 1.7358714342117343 0.8663045763969196 1.7194739580154061 -0.17396834 1.770157 13.567162 0.22739826142787933 
129 10 Cyclist -1 -1 -10 556.1130862888732 172.29658753501803 616.6960879804113 274.0923732321419 1.7529594898222993 0.8022916913032689 1.7794327735900906 -0.46106374 1.7700468 13.541563 0.16925989091396332 
130 10 Cyclist -1 -1 -10 540.6444982551714 173.75256466639112 603.671920472636 274.5992211221586 1.7647476196289253 0.817272722721059 1.76145172119143 -0.72762054 1.7798624 13.555148 0.16822423040866852 
131 10 Cyclist -1 -1 -10 524.369399581849 176.00190302139706 592.7002805168217 275.9520627889207 1.685113668441871 0.831209897995038 1.7423517704010196 -0.9833281 1.8058023 13.545818 0.22050024569034576 
132 10 Cyclist -1 -1 -10 519.6698273694449 177.91356485264345 580.7348041659361 279.3734767805307 1.6728423833847126 0.8531664013862942 1.7679395675659206 -1.1398633 1.86934 13.532044 0.09976034611463547 
133 10 Cyclist -1 -1 -10 505.86974474900956 177.79649325737716 578.0755970474632 278.82884000050257 1.7089644670486597 0.8240125179290796 1.7573745250701784 -1.2947936 1.8570669 13.568778 0.25069156289100647 
134 10 Cyclist -1 -1 -10 498.915870138506 177.11255982626906 570.9917178907218 278.6997914446332 1.7684199810027201 0.8382238745689166 1.7617776393890128 -1.4217224 1.8477076 13.543176 0.2127334475517273 
135 10 Cyclist -1 -1 -10 495.180124117373 175.97182785872013 568.9693606348699 276.7892492295455 1.7577997446060678 0.832700133323653 1.7483156919478802 -1.4733564 1.8112215 13.520452 0.23580241203308105 
136 10 Cyclist -1 -1 -10 493.7274611213138 173.56344725197542 565.0308261956834 273.0422230271651 1.6990545988082886 0.8425844907760882 1.7369292974472434 -1.5263846 1.7514915 13.526167 0.20525014400482178 
137 10 Cyclist -1 -1 -10 495.4822386680499 170.98788908989798 564.7599619954464 269.94171700917286 1.7121065855026107 0.8545677065849291 1.7294837236404417 -1.5119352 1.6972263 13.523466 0.1678428053855896 
138 10 Cyclist -1 -1 -10 499.35149685997357 168.6753639415603 564.5890393375294 267.7337118418533 1.7272758483886566 0.8324233889580176 1.7327198982238294 -1.4787034 1.6599854 13.528953 0.13106083869934082 
139 10 Cyclist -1 -1 -10 502.843025541596 167.41333173315215 570.0778744060684 267.55171719485656 1.7437047958374026 0.8343916535377597 1.7500441074371305 -1.3942327 1.6553195 13.534017 0.15927143394947052 
140 10 Cyclist -1 -1 -10 506.72251048544024 167.03991384374828 573.3615726303565 267.5799032054738 1.7548940181732107 0.8524955511093102 1.7571376562118695 -1.3270649 1.6558827 13.536995 0.143632173538208 
141 10 Cyclist -1 -1 -10 514.2837927604685 168.40118177543778 573.5045719452501 269.4003934108606 1.7216076850890925 0.8176343441009117 1.7691825628281097 -1.2575325 1.6915413 13.528679 0.08497670292854309 
142 10 Cyclist -1 -1 -10 514.4316254348956 168.7153128424997 579.6036036352984 270.1170233839707 1.744953989982527 0.8446692228317274 1.7686505317688483 -1.1943619 1.6968213 13.505329 0.14042547345161438 
143 23 Cyclist -1 -1 -10 454.8727104101635 176.88806973766833 468.11402390863395 203.97702723857628 1.2892372608184814 0.6178645491600037 1.7509485483169556 -9.796902 2.0203753 47.475674 3.1320555210113525 
144 10 Cyclist -1 -1 -10 525.2496378262955 170.63779967583028 590.9022928647325 269.9986034067337 1.766387939453131 0.8315749168396291 1.732434272766124 -0.9881621 1.6941509 13.518241 0.1684643030166626 
145 10 Cyclist -1 -1 -10 530.0972537012218 168.81485140262095 593.1273070869136 270.008271852962 1.7552444934844222 0.8270309567451941 1.7602984905242423 -0.92021006 1.6903938 13.476483 0.14373010396957397 
146 10 Cyclist -1 -1 -10 544.1112105618383 165.81800825468196 591.958306305005 269.6397106847453 1.7156867980957249 0.7087506055831647 1.8031151294708274 -0.8035068 1.681276 13.40275 0.049243539571762085 
147 10 Cyclist -1 -1 -10 549.1684508212068 164.12983123923954 598.3365689139217 267.51188841093284 1.7336349487304152 0.6671681404113771 1.7889165878295858 -0.6955289 1.638312 13.37735 0.09540398418903351 
148 24 Cyclist -1 -1 -10 492.01242520085333 170.02816110061775 509.4628862320697 199.86148020386383 1.6538771390914917 0.6659706234931946 1.7215945720672607 -6.458042 1.5588813 42.484367 -3.0677249431610107 
149 24 Cyclist -1 -1 -10 499.39071202398634 170.09140571107216 514.6191495027729 202.3215672679159 1.8672461835944563 0.6515115881302046 1.7993468377246902 -5.9091887 1.6454743 41.221138 3.115363721685192 
150 24 Cyclist -1 -1 -10 503.16446812466063 171.5103868623047 519.8206837319783 203.37815218184207 1.7188661299814292 0.6651449184992476 1.7459112478282923 -5.5404344 1.6726576 40.39369 -3.1207383754056366 
151 10 Cyclist -1 -1 -10 564.8261372746751 166.00145679088973 618.5096033075199 268.2819161260319 1.779936432838407 0.8378814458847023 1.7660390138625506 -0.35945502 1.6480765 13.371213 0.06536668539047241 
152 24 Cyclist -1 -1 -10 514.700149869756 175.36370618510088 528.1029599844111 207.870647074917 1.0817083127004326 0.6220169663880026 1.6908868551829632 -4.7184815 1.8259418 38.1685 3.097429166248302 
153 24 Cyclist -1 -1 -10 515.5562813356935 175.80586544383175 532.8714162631431 211.51379362325804 1.8031483888428514 0.6531459689131535 1.7671756744364373 -4.397472 1.9216332 36.76004 -3.1324229238803465 
